81	1	44.0
81	2	3.5
81	5	12.0
81	6	45.5
81	7	11.5
81	10	9.0
81	11	46.5
81	14	21.0
81	15	64.0
81	16	20.75
81	17	7.5
81	18	7.25
81	25	3.0
81	26	67.25
81	30	15.0
81	33	7.0
81	35	26.5
81	37	41.0
81	38	42.5
81	41	45.25
81	42	48.5
81	44	13.75
81	45	2.0
81	47	1.0
81	48	68.0
81	49	2.0
81	50	63.75
81	52	52.0
81	54	1.0
81	59	46.0
81	61	35.0
81	64	16.0
81	70	7.5
81	71	22.5
81	72	9.0
81	75	18.25
81	78	85.5
81	81	83.5
81	83	11.0
81	84	24.5
81	88	26.0
81	91	9.75
81	92	4.0
81	93	3.0
81	94	4.0
81	99	12.0
81	102	11.75
81	103	9.5
81	106	16.5
81	108	9.5
81	109	4.0
81	110	2.0
81	120	14.0
81	121	51.0
81	122	7.75
81	123	9.5
81	124	18.5
81	125	5.0
81	127	38.5
81	132	6.5
81	133	2.0
81	135	3.5
81	137	10.0
81	138	10.75
81	139	9.0
81	144	1.0
81	146	3.5
81	150	12.5
81	155	2.0
81	158	15.0
81	159	3.0
81	161	7.0
81	162	2.0
81	167	4.0
81	169	8.75
81	176	1.5
81	192	6.5
81	197	7.0
81	200	15.0
81	201	10.75
81	204	2.0
81	206	15.0
81	208	11.5
81	209	3.0
81	210	9.0
81	211	5.0
81	214	14.75
81	215	7.0
81	216	8.75
81	217	4.0
81	229	5.25
81	230	12.75
81	232	3.0
81	234	5.25
81	235	4.0
81	238	3.0
81	239	4.0
81	241	4.5
81	242	11.0
81	245	3.25
81	247	16.0
81	249	11.0
81	250	1.5
81	253	6.0
81	255	3.0
81	258	7.5
81	260	1.75
81	264	16.25
81	269	9.0
81	270	22.0
81	271	4.0
81	272	5.0
81	275	7.25
81	277	6.0
81	280	3.75
81	284	6.0
81	286	5.5
81	287	3.0
81	289	4.0
81	290	2.0
81	295	2.0
81	299	2.0
81	300	12.5
81	302	4.0
81	303	5.0
81	304	8.0
81	307	8.0
81	310	1.75
81	313	2.0
81	316	12.75
81	319	1.0
81	321	7.5
81	325	3.75
81	326	3.0
81	330	8.5
81	336	1.5
81	337	2.0
81	340	3.0
81	344	2.0
81	345	8.75
81	350	6.0
81	351	6.5
81	355	3.0
81	369	3.0
81	371	2.0
81	372	2.0
81	374	9.5
81	377	2.0
81	391	5.25
81	399	2.0
81	403	1.5
81	404	3.0
81	427	3.75
81	428	6.0
81	431	4.5
81	434	5.75
81	437	10.0
81	438	4.5
81	448	3.5
81	470	2.5
81	472	8.0
81	485	1.5
81	489	6.5
81	498	1.5
81	501	2.5
81	506	14.0
81	508	4.0
81	511	4.0
81	538	6.0
81	541	1.5
81	554	5.25
81	563	3.0
81	569	3.0
81	581	3.5
81	597	4.5
81	604	3.0
81	610	6.0
81	622	2.0
81	625	5.25
81	629	3.5
81	635	9.0
81	662	7.0
81	675	5.25
81	682	3.5
81	688	2.0
81	695	3.5
81	709	3.5
81	715	1.0
81	716	9.25
81	736	4.0
81	793	4.0
81	836	8.5
81	881	3.5
81	883	2.0
81	887	2.0
81	891	11.0
81	895	3.5
81	897	3.0
81	2668	6.0
81	2687	3.5
81	2702	4.5
81	2766	2.25
81	3081	11.0
81	3082	1.75
81	3142	4.0
81	3166	1.5
81	3415	3.75
81	3452	2.0
81	3738	2.0
81	3772	1.5
81	3940	1.0
81	4484	3.5
81	4521	4.0
81	4544	3.0
81	4573	1.5
81	4653	2.25
81	4697	5.25
81	4720	4.5
81	4761	6.0
81	4764	3.5
81	4852	2.5
81	4878	5.75
81	4953	5.5
81	5044	2.0
81	5074	6.0
81	5080	3.0
81	5154	5.0
81	5300	4.0
81	5419	4.0
81	5529	3.5
81	5582	4.0
81	5583	6.0
81	5764	5.75
81	5791	2.0
81	5887	3.0
81	6004	5.5
81	6076	1.75
81	6124	3.5
81	6125	2.0
81	7150	2.5
181	1	65.25
181	2	5.25
181	3	4.0
181	5	104.5
181	6	13.0
181	7	28.25
181	10	12.0
181	11	112.75
181	14	6.25
181	15	78.0
181	16	14.25
181	17	19.5
181	18	22.5
181	21	16.0
181	23	24.75
181	24	5.25
181	25	3.5
181	26	108.5
181	27	5.25
181	28	19.5
181	29	30.75
181	30	66.25
181	34	9.0
181	35	32.5
181	36	17.75
181	37	28.75
181	38	91.5
181	41	14.75
181	42	27.5
181	44	45.0
181	45	9.0
181	46	7.0
181	48	92.75
181	49	26.0
181	50	41.75
181	52	37.5
181	54	18.0
181	55	24.0
181	58	10.5
181	59	89.0
181	61	24.25
181	65	9.0
181	67	11.25
181	70	12.0
181	71	6.0
181	72	60.75
181	75	43.75
181	78	84.75
181	83	16.0
181	88	29.75
181	90	20.75
181	91	33.75
181	92	27.5
181	93	24.0
181	94	8.75
181	95	17.5
181	97	8.75
181	99	9.0
181	101	13.5
181	102	56.75
181	103	11.0
181	104	9.0
181	105	26.0
181	106	54.25
181	108	46.25
181	109	66.0
181	110	34.25
181	112	65.25
181	119	21.0
181	120	44.25
181	121	120.5
181	122	34.75
181	123	24.0
181	124	85.5
181	125	37.0
181	126	10.0
181	127	101.75
181	129	22.5
181	130	8.75
181	132	34.5
181	134	8.75
181	135	46.75
181	137	52.75
181	138	29.5
181	139	9.5
181	143	9.0
181	148	8.75
181	150	52.0
181	158	79.75
181	159	25.5
181	160	9.0
181	161	84.5
181	162	10.5
181	165	10.0
181	168	54.75
181	169	25.5
181	173	10.5
181	177	7.0
181	181	138.75
181	184	20.75
181	187	9.0
181	192	19.0
181	194	10.0
181	195	33.0
181	196	25.25
181	197	9.0
181	200	84.25
181	201	20.75
181	202	47.0
181	205	3.75
181	206	20.75
181	207	10.0
181	208	42.75
181	209	19.5
181	210	39.75
181	211	32.75
181	212	6.0
181	213	17.75
181	214	31.5
181	215	22.25
181	216	36.5
181	217	5.25
181	218	8.75
181	221	17.75
181	224	9.0
181	226	6.0
181	230	23.25
181	231	10.0
181	232	7.5
181	234	9.0
181	238	3.5
181	239	8.75
181	241	30.5
181	242	45.0
181	243	6.0
181	245	44.5
181	247	55.25
181	249	33.25
181	250	15.0
181	252	6.25
181	253	13.5
181	254	7.0
181	255	10.0
181	257	9.0
181	258	57.5
181	260	30.75
181	264	45.0
181	266	8.75
181	267	7.5
181	269	25.0
181	270	74.5
181	271	40.0
181	273	12.0
181	275	8.75
181	277	47.75
181	281	8.75
181	284	38.75
181	287	7.5
181	288	24.75
181	289	68.0
181	293	8.75
181	294	22.0
181	295	29.0
181	297	7.5
181	299	43.0
181	300	35.5
181	302	22.5
181	303	27.5
181	304	21.5
181	306	12.0
181	307	22.5
181	309	8.75
181	310	43.25
181	312	12.0
181	316	66.5
181	319	7.0
181	320	14.0
181	321	55.5
181	323	8.75
181	324	24.75
181	325	16.0
181	326	11.25
181	327	26.0
181	330	36.75
181	331	10.0
181	333	10.0
181	335	10.0
181	336	23.75
181	342	6.25
181	344	11.75
181	345	41.75
181	347	8.75
181	348	12.0
181	351	41.5
181	370	8.75
181	371	6.0
181	373	20.5
181	374	29.0
181	377	13.5
181	379	28.0
181	381	9.0
181	383	8.75
181	387	7.5
181	390	12.0
181	391	53.0
181	395	29.5
181	398	15.0
181	401	16.0
181	402	16.5
181	403	6.0
181	404	15.5
181	408	8.75
181	409	10.5
181	413	3.75
181	416	23.25
181	419	10.0
181	420	7.0
181	421	17.75
181	422	12.0
181	424	7.0
181	427	27.25
181	428	36.0
181	429	6.0
181	431	35.0
181	437	44.0
181	438	35.5
181	444	8.75
181	445	27.0
181	447	7.0
181	449	7.0
181	452	7.5
181	458	1.75
181	460	18.25
181	461	6.0
181	464	9.0
181	467	8.75
181	470	15.75
181	472	42.5
181	478	6.0
181	486	5.0
181	488	22.5
181	489	29.5
181	490	12.0
181	492	18.75
181	497	10.0
181	498	24.75
181	499	7.5
181	501	23.75
181	504	23.0
181	506	39.5
181	508	13.0
181	511	10.5
181	517	6.0
181	522	9.0
181	524	12.0
181	525	20.0
181	538	31.5
181	539	9.0
181	540	12.0
181	542	6.0
181	544	7.5
181	545	17.0
181	546	12.0
181	547	11.25
181	548	9.0
181	550	12.0
181	553	8.75
181	554	37.75
181	556	4.0
181	561	6.0
181	562	6.0
181	563	26.5
181	565	15.0
181	567	7.5
181	568	10.5
181	569	20.0
181	581	29.5
181	582	19.0
181	588	4.5
181	597	25.5
181	602	8.75
181	609	8.75
181	617	17.75
181	622	9.0
181	625	6.0
181	628	6.0
181	629	8.75
181	631	8.75
181	632	7.0
181	633	8.75
181	635	10.0
181	637	21.25
181	638	39.75
181	639	8.75
181	640	8.75
181	644	24.5
181	651	9.0
181	656	6.0
181	662	33.5
181	665	10.0
181	666	8.75
181	667	14.5
181	671	20.75
181	672	16.0
181	676	7.5
181	677	8.75
181	678	10.5
181	679	7.5
181	680	7.0
181	681	23.25
181	682	22.0
181	685	14.5
181	686	7.0
181	687	33.0
181	689	32.5
181	692	10.5
181	697	8.75
181	699	8.75
181	700	7.0
181	701	9.0
181	703	8.75
181	705	8.75
181	706	8.75
181	707	10.0
181	708	8.75
181	709	46.5
181	715	17.75
181	716	19.0
181	719	8.75
181	731	7.5
181	734	20.5
181	736	10.5
181	739	4.5
181	744	10.0
181	745	7.5
181	756	10.0
181	757	8.75
181	770	10.0
181	772	1.75
181	781	7.5
181	784	16.25
181	790	7.5
181	798	20.75
181	836	38.0
181	837	28.0
181	838	8.75
181	841	8.75
181	845	7.5
181	850	8.75
181	853	10.0
181	860	8.75
181	861	8.75
181	864	6.0
181	865	8.75
181	872	7.0
181	873	8.75
181	881	6.0
181	886	19.5
181	887	7.5
181	888	22.0
181	891	25.75
181	892	8.75
181	895	23.5
181	897	40.0
181	901	18.0
181	2575	10.0
181	2585	10.0
181	2587	8.75
181	2594	8.75
181	2651	5.25
181	2659	7.0
181	2663	10.5
181	2668	7.5
181	2670	7.0
181	2687	8.75
181	2694	8.75
181	2702	12.25
181	2742	7.0
181	2766	20.75
181	2779	10.0
181	2782	10.0
181	3081	33.5
181	3082	21.75
181	3085	23.25
181	3103	10.0
181	3126	8.75
181	3141	8.75
181	3166	10.5
181	3230	7.0
181	3244	7.0
181	3309	10.5
181	3366	22.0
181	3415	16.25
181	3452	7.5
181	3454	9.0
181	3480	5.25
181	3685	10.5
181	3724	12.0
181	3772	9.0
181	3783	8.75
181	4273	7.5
181	4274	8.75
181	4346	7.5
181	4402	8.75
181	4484	11.0
181	4521	23.25
181	4544	20.75
181	4572	29.5
181	4573	7.5
181	4588	29.5
181	4595	34.0
181	4653	28.75
181	4685	22.0
181	4697	16.25
181	4720	17.75
181	4761	28.0
181	4795	17.75
181	4797	19.5
181	4852	7.5
181	4856	7.5
181	4878	34.0
181	4911	7.0
181	4913	9.0
181	4922	14.0
181	4928	19.25
181	4953	12.0
181	4991	10.5
181	5016	8.75
181	5074	10.0
181	5108	19.0
181	5154	31.0
181	5345	5.25
181	5419	10.5
181	5508	12.0
181	5511	9.0
181	5525	7.5
181	5529	22.5
181	5582	24.0
181	5583	10.5
181	5764	12.25
181	6004	22.5
181	6116	6.0
181	6124	22.75
181	6125	6.0
181	6297	5.25
181	6403	7.0
181	6462	12.0
181	6513	12.0
181	6865	7.0
181	6964	9.0
181	7153	8.75
181	7155	3.5
181	7181	1.75
181	7603	1.75
181	7780	8.75
181	8088	8.75
181	8551	19.0
181	8619	24.25
181	8688	8.75
181	8743	6.0
181	8796	10.5
181	8814	21.0
181	8947	20.75
181	9043	10.5
181	9150	10.5
181	9163	16.5
181	9169	12.0
181	9351	8.75
181	9384	25.75
181	9551	21.0
181	9578	14.0
181	9661	25.75
181	9723	10.5
181	9795	8.75
181	10259	10.5
181	10398	10.5
181	10502	5.25
181	10572	10.5
181	10692	22.5
181	10809	12.25
181	11136	10.5
181	11294	13.5
181	11418	8.75
181	11521	12.0
181	11763	3.5
181	11829	7.0
181	12226	8.75
181	12290	19.25
181	12292	8.75
181	12331	7.0
181	12713	12.0
181	12836	22.5
181	13413	27.25
181	13913	8.75
181	15297	13.5
181	16008	9.0
181	16098	10.5
181	16235	7.5
181	16757	12.0
181	16825	10.5
181	16967	5.25
281	1	31.75
281	2	3.75
281	5	69.5
281	6	5.0
281	7	42.75
281	10	5.0
281	11	55.75
281	15	15.25
281	16	22.0
281	17	37.5
281	18	25.5
281	21	5.0
281	23	5.0
281	24	3.75
281	25	2.5
281	26	70.75
281	27	3.75
281	29	20.0
281	30	20.75
281	35	5.0
281	36	6.25
281	37	24.25
281	38	43.5
281	39	34.5
281	41	19.75
281	42	18.5
281	44	16.25
281	46	5.0
281	48	40.0
281	50	40.75
281	52	39.5
281	58	7.5
281	59	17.0
281	61	8.75
281	72	11.25
281	75	55.0
281	78	32.75
281	88	17.5
281	91	40.5
281	92	26.25
281	93	28.0
281	94	10.0
281	102	6.25
281	105	10.0
281	106	8.75
281	108	71.75
281	109	22.75
281	110	6.25
281	112	28.75
281	120	69.25
281	121	68.75
281	122	36.25
281	123	50.25
281	124	40.5
281	125	16.0
281	126	16.0
281	127	37.0
281	132	18.75
281	135	22.25
281	137	34.25
281	138	22.5
281	139	2.5
281	148	6.25
281	149	8.0
281	158	26.5
281	159	7.5
281	161	19.5
281	169	50.75
281	173	7.5
281	177	17.0
281	181	8.75
281	184	6.25
281	192	16.25
281	195	8.75
281	196	20.75
281	200	24.5
281	201	16.0
281	206	6.25
281	208	6.25
281	210	22.0
281	214	36.5
281	215	9.0
281	216	25.5
281	217	3.75
281	229	18.0
281	230	18.0
281	234	18.0
281	236	18.0
281	238	2.5
281	241	7.5
281	242	40.0
281	245	5.0
281	247	32.25
281	249	26.75
281	253	21.5
281	254	5.0
281	255	16.0
281	258	7.5
281	260	20.25
281	264	29.75
281	270	62.5
281	271	5.0
281	275	16.0
281	281	92.5
281	288	6.25
281	289	35.75
281	295	5.0
281	297	18.0
281	299	17.0
281	300	91.0
281	302	7.5
281	303	30.5
281	304	5.0
281	307	7.5
281	310	6.25
281	316	48.25
281	319	5.0
281	320	10.0
281	321	7.5
281	324	6.25
281	325	5.0
281	327	8.75
281	330	20.25
281	331	18.0
281	335	14.0
281	344	6.25
281	345	6.25
281	351	24.25
281	368	12.0
281	370	6.25
281	373	27.5
281	374	25.75
281	383	6.25
281	384	8.0
281	391	22.5
281	395	6.25
281	401	5.0
281	404	3.75
281	409	27.5
281	420	5.0
281	421	14.0
281	424	5.0
281	427	3.75
281	431	5.0
281	435	22.5
281	437	36.25
281	438	7.5
281	439	12.0
281	444	6.25
281	445	20.0
281	447	5.0
281	449	5.0
281	458	1.25
281	464	25.0
281	467	6.25
281	470	5.0
281	472	51.25
281	485	10.0
281	488	7.5
281	489	6.25
281	492	6.25
281	498	6.25
281	501	6.25
281	504	5.0
281	506	16.0
281	508	5.0
281	511	19.5
281	545	5.0
281	550	22.5
281	553	6.25
281	554	6.25
281	557	45.5
281	563	6.25
281	569	38.0
281	578	12.0
281	581	10.75
281	597	7.5
281	598	12.0
281	610	16.0
281	627	14.0
281	629	10.25
281	631	6.25
281	632	5.0
281	633	6.25
281	635	59.0
281	644	45.25
281	653	16.0
281	662	41.25
281	667	5.0
281	671	12.0
281	672	5.0
281	680	5.0
281	681	5.0
281	685	5.0
281	686	5.0
281	687	41.75
281	689	17.5
281	692	25.5
281	700	5.0
281	703	6.25
281	709	30.0
281	734	5.0
281	736	40.0
281	745	12.0
281	746	12.0
281	757	20.25
281	765	8.0
281	770	16.0
281	772	1.25
281	782	16.0
281	784	6.25
281	827	14.0
281	829	4.0
281	836	32.0
281	837	25.0
281	838	6.25
281	850	6.25
281	867	16.0
281	872	5.0
281	886	7.5
281	887	10.0
281	891	6.25
281	895	38.5
281	897	18.0
281	901	7.5
281	2651	3.75
281	2659	5.0
281	2663	7.5
281	2670	5.0
281	2684	25.0
281	2687	6.25
281	2694	6.25
281	2702	8.75
281	2737	20.25
281	2742	5.0
281	2766	46.75
281	2785	20.0
281	3081	44.0
281	3141	25.0
281	3159	12.0
281	3166	7.5
281	3230	5.0
281	3244	5.0
281	3277	16.0
281	3309	7.5
281	3415	15.25
281	3480	3.75
281	3685	7.5
281	3724	20.0
281	3783	15.25
281	4402	6.25
281	4484	2.5
281	4544	6.25
281	4572	6.25
281	4588	7.5
281	4595	7.5
281	4653	7.5
281	4697	16.25
281	4720	6.25
281	4761	38.25
281	4878	48.0
281	4911	5.0
281	4922	3.75
281	5080	8.0
281	5108	17.0
281	5154	34.5
281	5345	3.75
281	5419	12.0
281	5528	14.0
281	5529	23.5
281	5582	25.5
281	5764	29.0
281	6004	7.5
281	6124	8.75
281	6297	3.75
281	6403	5.0
281	6865	5.0
281	7153	6.25
281	7155	2.5
281	7181	1.25
281	7603	1.25
281	7780	6.25
281	8088	6.25
281	8551	5.0
281	8578	15.75
281	8619	8.75
281	8688	6.25
281	8796	7.5
281	8814	21.0
281	8947	6.25
281	9043	7.5
281	9163	7.5
281	9189	13.5
281	9351	6.25
281	9384	8.75
281	9407	18.0
281	9478	11.25
281	9481	22.5
281	9551	7.5
281	9572	13.5
281	9578	10.0
281	9661	8.75
281	9723	7.5
281	9795	6.25
281	10259	7.5
281	10398	7.5
281	10502	3.75
281	10572	7.5
281	10692	7.5
281	10809	8.75
281	11136	7.5
281	11418	6.25
281	11763	2.5
281	11829	5.0
281	12226	6.25
281	12290	6.25
281	12292	6.25
281	12331	5.0
281	12836	7.5
281	13413	8.75
281	13913	6.25
281	16825	7.5
281	16967	3.75
381	1	28.5
381	5	40.5
381	7	9.0
381	11	39.0
381	15	22.5
381	16	15.0
381	17	15.0
381	18	12.0
381	21	9.0
381	23	18.0
381	26	40.5
381	28	12.0
381	29	15.0
381	30	12.0
381	34	9.0
381	35	24.0
381	37	18.0
381	38	31.5
381	41	9.0
381	42	10.5
381	44	9.0
381	45	9.0
381	48	37.5
381	49	21.0
381	50	16.5
381	52	10.5
381	54	12.0
381	55	9.0
381	59	22.5
381	61	25.5
381	65	9.0
381	70	12.0
381	71	6.0
381	72	15.0
381	75	30.0
381	78	28.5
381	83	3.0
381	88	9.0
381	90	12.0
381	91	15.0
381	92	19.5
381	95	7.5
381	99	6.0
381	101	6.0
381	102	6.0
381	103	6.0
381	104	9.0
381	105	12.0
381	106	15.0
381	108	27.0
381	109	30.0
381	110	16.5
381	112	12.0
381	119	9.0
381	120	45.0
381	121	39.0
381	122	39.0
381	124	40.5
381	125	24.0
381	127	25.5
381	129	15.0
381	132	18.0
381	134	9.0
381	135	13.5
381	137	30.0
381	138	15.0
381	139	6.0
381	143	9.0
381	150	33.0
381	158	31.5
381	159	6.0
381	160	9.0
381	161	43.5
381	162	9.0
381	168	9.0
381	169	15.0
381	176	1.5
381	181	9.0
381	184	12.0
381	187	9.0
381	192	9.0
381	195	12.0
381	196	12.0
381	197	6.0
381	200	28.5
381	201	12.0
381	202	15.0
381	206	19.5
381	208	12.0
381	209	12.0
381	210	18.0
381	211	21.0
381	212	6.0
381	213	9.0
381	214	25.5
381	216	13.5
381	224	9.0
381	226	6.0
381	230	12.0
381	232	7.5
381	234	6.0
381	241	15.0
381	242	22.5
381	243	6.0
381	245	13.5
381	247	12.0
381	249	18.0
381	250	9.0
381	253	6.0
381	257	9.0
381	258	24.0
381	260	12.0
381	264	18.0
381	267	9.0
381	269	9.0
381	270	24.0
381	271	12.0
381	273	12.0
381	277	9.0
381	279	9.0
381	289	31.5
381	294	12.0
381	295	6.0
381	299	24.0
381	300	27.0
381	302	12.0
381	304	12.0
381	306	12.0
381	307	27.0
381	310	12.0
381	316	27.0
381	321	12.0
381	325	9.0
381	327	7.5
381	330	27.0
381	336	25.5
381	337	9.0
381	342	9.0
381	343	9.0
381	345	21.0
381	348	12.0
381	351	12.0
381	355	12.0
381	371	9.0
381	374	36.0
381	377	6.0
381	379	12.0
381	381	27.0
381	384	12.0
381	390	12.0
381	391	12.0
381	393	6.0
381	395	12.0
381	398	9.0
381	400	9.0
381	401	9.0
381	402	9.0
381	403	6.0
381	404	3.0
381	421	9.0
381	422	12.0
381	427	6.0
381	428	12.0
381	429	6.0
381	431	12.0
381	434	3.0
381	437	12.0
381	438	15.0
381	445	12.0
381	452	7.5
381	460	12.0
381	461	6.0
381	464	9.0
381	472	22.5
381	478	6.0
381	480	7.5
381	485	13.5
381	488	12.0
381	489	12.0
381	490	12.0
381	498	6.0
381	499	7.5
381	501	15.0
381	506	30.0
381	508	6.0
381	517	6.0
381	522	9.0
381	524	12.0
381	538	12.0
381	539	9.0
381	540	12.0
381	542	6.0
381	546	12.0
381	548	9.0
381	550	22.5
381	554	9.0
381	561	6.0
381	562	6.0
381	563	9.0
381	564	9.0
381	565	28.5
381	568	10.5
381	581	12.0
381	582	9.0
381	588	4.5
381	597	7.5
381	617	9.0
381	622	9.0
381	628	6.0
381	637	15.0
381	638	10.5
381	651	9.0
381	656	6.0
381	662	24.0
381	667	7.5
381	671	12.0
381	672	9.0
381	678	10.5
381	679	7.5
381	681	7.5
381	682	27.0
381	687	12.0
381	689	12.0
381	700	9.0
381	701	9.0
381	709	25.5
381	715	9.0
381	716	9.0
381	731	7.5
381	734	6.0
381	736	15.0
381	739	4.5
381	745	7.5
381	765	10.5
381	798	12.0
381	834	10.5
381	836	12.0
381	837	22.5
381	864	6.0
381	881	6.0
381	886	9.0
381	887	7.5
381	888	12.0
381	891	18.0
381	895	13.5
381	897	12.0
381	2766	12.0
381	3081	12.0
381	3082	10.5
381	3085	12.0
381	3366	12.0
381	3415	7.5
381	3452	7.5
381	3454	9.0
381	3724	12.0
381	3772	9.0
381	4273	7.5
381	4484	7.5
381	4521	12.0
381	4544	12.0
381	4572	12.0
381	4588	9.0
381	4595	13.5
381	4653	12.0
381	4685	12.0
381	4697	7.5
381	4720	9.0
381	4761	10.5
381	4795	9.0
381	4797	12.0
381	4852	7.5
381	4856	7.5
381	4878	13.5
381	4913	9.0
381	4928	10.5
381	4953	12.0
381	4991	10.5
381	5108	12.0
381	5154	10.5
381	5419	10.5
381	5508	12.0
381	5511	9.0
381	5525	7.5
381	5529	12.0
381	5582	13.5
381	5583	10.5
381	6004	12.0
381	6116	6.0
381	6124	10.5
381	6125	6.0
381	6462	12.0
381	6513	12.0
381	6964	9.0
381	8551	12.0
381	8619	12.0
381	8743	6.0
381	8814	10.5
381	8947	12.0
381	9150	10.5
381	9163	6.0
381	9169	12.0
381	9384	13.5
381	9551	10.5
381	9661	13.5
381	10692	12.0
381	11294	13.5
381	11521	12.0
381	12290	10.5
381	12713	12.0
381	12836	12.0
381	13413	15.0
381	15297	13.5
381	16008	9.0
381	16098	10.5
381	16235	7.5
381	16757	12.0
481	3	8.0
481	7	8.0
481	11	2.0
481	19	6.0
481	26	8.0
481	29	8.0
481	30	4.0
481	32	6.0
481	36	2.0
481	38	4.0
481	39	10.0
481	44	8.0
481	55	6.0
481	59	6.0
481	61	2.0
481	65	2.0
481	80	8.0
481	90	8.0
481	91	8.0
481	92	8.0
481	93	8.0
481	105	8.0
481	106	8.0
481	108	8.0
481	110	2.0
481	112	4.0
481	113	4.0
481	115	8.0
481	119	8.0
481	120	8.0
481	121	6.0
481	122	6.0
481	123	8.0
481	124	8.0
481	126	10.0
481	127	4.0
481	128	10.0
481	129	4.0
481	130	6.0
481	131	10.0
481	132	8.0
481	135	6.0
481	138	8.0
481	148	6.0
481	150	8.0
481	158	8.0
481	168	8.0
481	169	8.0
481	186	4.0
481	191	4.0
481	196	8.0
481	200	6.0
481	202	8.0
481	207	8.0
481	210	8.0
481	211	8.0
481	213	8.0
481	215	6.0
481	216	8.0
481	224	8.0
481	229	8.0
481	239	8.0
481	242	4.0
481	247	2.0
481	250	8.0
481	253	8.0
481	254	6.0
481	257	6.0
481	258	8.0
481	260	10.0
481	262	6.0
481	263	8.0
481	264	4.0
481	269	8.0
481	271	10.0
481	273	6.0
481	284	2.0
481	289	6.0
481	294	8.0
481	306	4.0
481	307	6.0
481	309	8.0
481	316	8.0
481	321	6.0
481	326	8.0
481	330	8.0
481	358	8.0
481	374	6.0
481	402	6.0
481	403	2.0
481	438	6.0
481	439	8.0
481	442	6.0
481	445	8.0
481	464	8.0
481	469	6.0
481	472	8.0
481	478	4.0
481	481	4.0
481	506	6.0
581	1	142.0
581	2	31.75
581	5	309.0
581	6	38.25
581	7	207.25
581	8	16.0
581	10	24.0
581	11	295.75
581	14	47.0
581	15	219.5
581	16	75.0
581	17	81.25
581	18	109.75
581	19	9.0
581	21	17.0
581	23	32.25
581	24	3.75
581	25	13.0
581	26	361.25
581	27	3.75
581	28	26.5
581	29	20.0
581	30	59.0
581	33	14.0
581	34	12.0
581	35	60.25
581	36	18.25
581	37	43.5
581	38	157.25
581	39	16.0
581	41	88.0
581	42	67.0
581	44	76.5
581	45	12.0
581	46	5.0
581	48	305.0
581	49	23.0
581	50	194.75
581	52	87.75
581	54	8.0
581	55	12.0
581	58	7.5
581	59	196.75
581	60	16.0
581	61	36.75
581	64	10.0
581	65	12.0
581	67	15.75
581	68	25.5
581	70	17.5
581	71	19.75
581	72	70.75
581	75	219.25
581	76	29.5
581	78	248.75
581	80	15.0
581	81	3.5
581	83	67.0
581	84	12.25
581	88	40.5
581	90	60.25
581	91	86.75
581	92	113.0
581	93	42.0
581	94	12.25
581	95	24.0
581	97	12.25
581	99	8.0
581	101	18.5
581	102	67.25
581	103	15.0
581	104	12.0
581	105	26.0
581	106	87.0
581	108	224.0
581	109	163.5
581	110	34.25
581	112	114.75
581	119	28.0
581	120	236.75
581	121	308.75
581	122	193.0
581	123	125.5
581	124	267.5
581	125	69.25
581	126	29.25
581	127	285.25
581	128	31.0
581	129	69.0
581	130	41.25
581	132	122.25
581	133	1.0
581	134	12.25
581	135	48.5
581	137	107.0
581	138	142.0
581	139	10.5
581	143	14.5
581	146	12.25
581	148	36.25
581	149	1.0
581	150	166.5
581	158	293.75
581	159	40.25
581	160	12.0
581	161	136.75
581	162	24.0
581	165	28.0
581	168	74.0
581	169	113.5
581	173	23.5
581	176	1.75
581	177	5.0
581	181	29.5
581	184	32.75
581	186	8.75
581	187	12.0
581	192	46.5
581	194	14.0
581	195	37.0
581	196	63.5
581	197	22.0
581	200	122.25
581	201	96.25
581	202	65.0
581	205	5.25
581	206	41.5
581	207	14.0
581	208	131.5
581	209	47.5
581	210	127.0
581	211	43.25
581	212	10.0
581	213	24.25
581	214	85.25
581	215	35.75
581	216	98.25
581	217	24.75
581	218	12.25
581	219	2.0
581	221	12.25
581	224	27.0
581	226	8.0
581	228	12.0
581	230	31.75
581	231	26.0
581	232	30.5
581	233	15.0
581	234	73.5
581	236	60.25
581	238	2.5
581	239	12.25
581	241	70.5
581	242	128.25
581	243	20.0
581	245	24.5
581	246	2.0
581	247	127.75
581	249	92.0
581	250	19.5
581	252	8.75
581	253	13.5
581	254	13.75
581	255	14.0
581	256	10.0
581	257	12.0
581	258	99.25
581	260	90.25
581	264	120.25
581	266	12.25
581	267	10.5
581	269	12.0
581	270	208.5
581	271	126.75
581	272	42.25
581	273	52.0
581	275	12.25
581	277	66.75
581	281	10.75
581	284	30.75
581	286	30.75
581	287	26.5
581	288	20.25
581	289	119.0
581	293	12.25
581	294	30.0
581	295	27.0
581	297	10.5
581	299	25.0
581	300	186.5
581	301	16.0
581	302	63.0
581	303	42.5
581	304	24.5
581	306	16.0
581	307	58.5
581	309	26.25
581	310	82.25
581	315	16.0
581	316	194.75
581	319	8.5
581	320	10.0
581	321	156.0
581	323	12.25
581	324	6.25
581	325	20.0
581	326	48.75
581	327	57.75
581	328	1.5
581	330	125.25
581	331	53.75
581	333	14.0
581	335	14.0
581	336	66.5
581	342	8.75
581	344	7.25
581	345	90.25
581	347	27.25
581	348	22.0
581	351	132.75
581	364	16.0
581	369	8.0
581	370	6.25
581	371	8.0
581	373	58.5
581	374	82.75
581	377	18.5
581	379	16.0
581	381	12.0
581	383	6.75
581	384	12.0
581	387	10.5
581	390	16.0
581	391	95.0
581	392	16.0
581	395	52.5
581	398	66.5
581	399	7.0
581	401	20.5
581	402	25.5
581	403	18.25
581	404	23.5
581	408	12.25
581	409	10.0
581	413	5.25
581	416	31.75
581	419	14.0
581	420	5.0
581	421	46.75
581	422	16.0
581	424	5.0
581	427	166.75
581	428	32.0
581	429	8.0
581	430	16.0
581	431	167.0
581	434	23.75
581	435	16.0
581	437	205.0
581	438	61.5
581	444	6.25
581	445	16.0
581	447	23.0
581	448	12.25
581	449	5.0
581	452	12.0
581	458	1.25
581	460	24.75
581	461	8.0
581	464	24.0
581	467	6.25
581	469	14.0
581	470	82.5
581	472	204.75
581	475	0.5
581	477	22.0
581	478	8.0
581	484	16.0
581	485	7.0
581	486	7.0
581	488	23.5
581	489	152.25
581	490	46.25
581	492	20.25
581	497	14.0
581	498	59.25
581	499	22.0
581	501	229.0
581	504	14.0
581	506	48.5
581	508	40.5
581	511	144.5
581	512	14.0
581	517	11.0
581	522	23.25
581	524	16.0
581	538	50.5
581	539	12.0
581	540	75.5
581	541	7.5
581	542	26.5
581	544	10.5
581	545	19.0
581	546	16.0
581	547	15.75
581	548	17.25
581	550	25.0
581	553	34.25
581	554	18.25
581	555	14.0
581	557	3.0
581	558	12.25
581	559	2.5
581	561	10.0
581	562	106.0
581	563	158.75
581	565	40.0
581	567	10.5
581	568	26.0
581	569	110.5
581	571	12.0
581	572	10.0
581	581	487.5
581	582	26.0
581	584	16.0
581	588	13.0
581	590	30.5
581	597	42.0
581	599	14.0
581	602	12.25
581	604	20.0
581	606	2.0
581	607	16.0
581	609	12.25
581	610	16.0
581	614	16.0
581	617	24.25
581	622	20.0
581	625	26.25
581	628	16.75
581	629	24.75
581	630	12.5
581	631	6.25
581	632	5.0
581	633	20.25
581	635	76.25
581	637	42.75
581	638	37.75
581	639	12.25
581	640	12.25
581	644	75.5
581	651	12.0
581	655	38.0
581	656	8.0
581	662	66.0
581	665	14.0
581	666	12.25
581	667	15.0
581	671	28.25
581	672	17.0
581	675	2.0
581	676	10.5
581	677	21.0
581	678	14.0
581	679	21.25
581	680	11.0
581	681	41.25
581	682	42.25
581	685	17.5
581	686	5.0
581	687	214.75
581	688	20.25
581	689	71.5
581	692	7.5
581	695	12.25
581	697	28.25
581	699	12.25
581	700	5.0
581	701	42.0
581	703	9.25
581	705	12.25
581	706	28.25
581	707	14.0
581	708	12.25
581	709	207.75
581	715	57.25
581	716	124.75
581	719	12.25
581	731	10.0
581	732	12.0
581	734	43.5
581	736	110.0
581	738	22.75
581	739	6.0
581	744	24.0
581	745	10.0
581	746	32.0
581	756	14.0
581	757	6.25
581	770	23.25
581	772	17.25
581	781	18.0
581	784	16.75
581	790	10.5
581	793	28.0
581	798	37.0
581	827	16.0
581	834	34.5
581	836	238.0
581	837	64.0
581	838	6.25
581	841	12.25
581	845	10.5
581	850	6.25
581	853	28.0
581	860	12.25
581	861	12.25
581	864	52.75
581	865	12.25
581	872	5.0
581	873	23.5
581	880	11.25
581	881	44.75
581	883	13.0
581	886	32.5
581	887	25.0
581	888	30.0
581	891	74.25
581	892	12.25
581	895	198.0
581	897	155.25
581	901	33.75
581	2575	14.0
581	2585	33.25
581	2587	12.25
581	2594	12.25
581	2615	15.75
581	2634	14.0
581	2651	3.75
581	2659	5.0
581	2663	7.5
581	2668	14.0
581	2670	5.0
581	2681	38.0
581	2687	18.5
581	2694	6.25
581	2702	22.75
581	2714	15.0
581	2737	4.5
581	2742	5.0
581	2766	80.5
581	2779	26.0
581	2782	14.0
581	2783	6.25
581	3081	180.5
581	3082	29.75
581	3085	43.75
581	3089	12.0
581	3103	14.0
581	3126	12.25
581	3141	89.75
581	3142	36.25
581	3166	7.5
581	3170	12.0
581	3230	5.0
581	3244	5.0
581	3246	17.5
581	3260	14.0
581	3262	14.0
581	3309	7.5
581	3331	18.0
581	3366	85.0
581	3383	10.5
581	3388	28.0
581	3415	127.5
581	3452	62.0
581	3453	23.5
581	3454	12.0
581	3480	3.75
581	3685	7.5
581	3724	21.0
581	3738	31.0
581	3772	29.25
581	3783	34.5
581	3940	12.5
581	4273	10.0
581	4274	12.25
581	4346	20.5
581	4356	18.5
581	4402	6.25
581	4484	68.25
581	4521	73.25
581	4544	29.75
581	4572	173.5
581	4573	59.0
581	4588	50.25
581	4595	75.5
581	4653	96.0
581	4685	30.0
581	4697	134.0
581	4720	65.75
581	4761	171.25
581	4764	56.25
581	4781	5.0
581	4795	34.75
581	4797	44.5
581	4852	49.75
581	4856	10.0
581	4878	311.5
581	4911	5.0
581	4913	12.0
581	4922	24.0
581	4928	37.5
581	4953	195.75
581	4991	30.0
581	5016	12.25
581	5044	7.0
581	5074	28.0
581	5080	10.5
581	5108	21.0
581	5154	173.25
581	5300	110.75
581	5345	3.75
581	5346	26.0
581	5355	4.0
581	5419	44.0
581	5478	10.5
581	5508	16.0
581	5511	12.0
581	5519	12.0
581	5525	10.0
581	5528	30.0
581	5529	69.75
581	5562	12.0
581	5582	189.75
581	5583	62.25
581	5606	15.75
581	5764	39.5
581	5791	7.0
581	5887	10.5
581	5922	14.0
581	5944	14.0
581	5990	22.0
581	6004	111.75
581	6076	10.5
581	6095	36.5
581	6116	8.0
581	6124	107.0
581	6125	51.0
581	6297	3.75
581	6403	18.5
581	6462	16.0
581	6513	16.0
581	6523	17.0
581	6574	4.0
581	6581	13.5
581	6848	6.0
581	6865	5.0
581	6914	16.0
581	6964	28.0
581	7099	10.0
581	7150	8.75
581	7152	15.75
581	7153	49.25
581	7155	2.5
581	7181	1.25
581	7329	25.0
581	7451	16.0
581	7453	8.75
581	7603	1.25
581	7780	18.25
581	8086	38.0
581	8088	6.25
581	8191	16.0
581	8502	29.25
581	8551	49.0
581	8578	47.5
581	8619	63.0
581	8632	17.5
581	8688	55.25
581	8696	9.0
581	8743	35.5
581	8752	13.5
581	8796	7.5
581	8814	72.25
581	8881	44.25
581	8947	102.25
581	8984	13.5
581	9043	27.75
581	9089	16.0
581	9150	155.25
581	9163	57.5
581	9169	27.25
581	9189	3.0
581	9242	28.25
581	9327	19.5
581	9332	15.0
581	9351	132.5
581	9379	14.0
581	9384	135.25
581	9407	4.0
581	9478	27.0
581	9481	5.0
581	9551	61.5
581	9572	34.75
581	9578	10.0
581	9602	14.0
581	9611	34.5
581	9661	119.75
581	9723	7.5
581	9786	15.75
581	9795	6.25
581	9975	15.75
581	9991	15.75
581	10039	18.0
581	10259	7.5
581	10272	14.0
581	10321	6.0
581	10381	16.0
581	10398	27.75
581	10478	17.5
581	10502	3.75
581	10525	7.0
581	10572	7.5
581	10610	94.25
581	10654	25.5
581	10692	114.5
581	10741	14.0
581	10809	8.75
581	10854	15.75
581	11035	20.25
581	11073	25.5
581	11136	33.25
581	11207	15.75
581	11229	63.5
581	11294	18.0
581	11418	48.25
581	11521	48.25
581	11759	32.0
581	11763	2.5
581	11829	5.0
581	11893	18.0
581	12226	6.25
581	12289	32.0
581	12290	80.25
581	12292	49.0
581	12320	18.0
581	12331	5.0
581	12609	15.75
581	12643	31.0
581	12713	16.0
581	12739	16.0
581	12836	109.25
581	12852	20.0
581	12862	17.5
581	13052	28.5
581	13097	17.5
581	13413	167.25
581	13417	37.0
581	13602	14.0
581	13684	12.25
581	13821	15.0
581	13913	6.25
581	14011	18.0
581	14181	14.0
581	14182	14.0
581	14183	15.75
581	14189	9.0
581	14202	17.5
581	14621	13.5
581	14725	17.5
581	14730	17.5
581	14733	17.5
581	15297	51.75
581	16008	41.75
581	16098	14.0
581	16158	18.0
581	16235	23.5
581	16428	7.0
581	16737	18.75
581	16757	16.0
581	16809	12.0
581	16825	40.5
581	16967	3.75
681	1	14.5
681	2	3.0
681	5	53.25
681	6	4.0
681	7	21.0
681	8	14.0
681	10	11.0
681	11	42.25
681	14	19.25
681	15	30.75
681	16	11.0
681	17	13.5
681	18	16.0
681	21	11.5
681	23	23.75
681	24	3.0
681	25	2.0
681	26	52.25
681	27	3.0
681	28	20.5
681	29	12.5
681	30	31.0
681	34	7.5
681	35	19.5
681	36	15.5
681	37	5.0
681	38	30.0
681	41	5.0
681	42	12.5
681	44	28.25
681	45	7.5
681	46	4.0
681	48	42.5
681	49	17.0
681	50	32.75
681	52	13.0
681	54	5.0
681	55	7.5
681	58	6.0
681	59	36.25
681	61	17.0
681	64	8.75
681	65	7.5
681	67	15.75
681	70	10.0
681	71	5.0
681	72	35.5
681	75	52.25
681	78	44.25
681	83	21.75
681	88	10.0
681	90	36.25
681	91	49.0
681	92	27.0
681	93	37.75
681	94	12.25
681	95	20.25
681	97	12.25
681	99	5.0
681	101	15.5
681	102	10.0
681	103	12.0
681	104	7.5
681	105	18.0
681	106	19.5
681	108	32.0
681	109	45.75
681	110	13.75
681	112	29.25
681	119	21.5
681	120	51.5
681	121	52.25
681	122	48.75
681	123	40.75
681	124	47.5
681	125	38.75
681	126	14.0
681	127	52.5
681	128	14.0
681	129	23.0
681	130	24.5
681	132	24.0
681	134	12.25
681	135	33.0
681	137	15.0
681	138	39.75
681	139	7.0
681	143	7.5
681	148	17.25
681	150	26.5
681	158	40.5
681	159	6.0
681	160	7.5
681	161	48.75
681	162	7.5
681	165	26.25
681	168	37.25
681	169	13.5
681	173	6.0
681	177	4.0
681	181	23.25
681	184	15.0
681	187	7.5
681	192	11.5
681	194	14.0
681	195	29.25
681	196	35.0
681	197	5.0
681	200	23.25
681	201	39.75
681	202	40.5
681	205	5.25
681	206	15.0
681	207	14.0
681	208	29.0
681	209	20.5
681	210	38.75
681	211	22.25
681	212	5.0
681	213	19.75
681	214	18.5
681	215	8.75
681	216	34.0
681	217	6.5
681	218	12.25
681	221	12.25
681	224	7.5
681	226	5.0
681	230	25.75
681	231	14.0
681	232	6.25
681	234	19.0
681	236	17.5
681	238	2.0
681	239	12.25
681	241	27.5
681	242	32.0
681	243	5.0
681	245	12.5
681	247	32.75
681	249	14.5
681	250	7.5
681	252	8.75
681	253	6.0
681	254	4.0
681	255	14.0
681	257	7.5
681	258	18.5
681	260	29.0
681	264	34.5
681	266	12.25
681	267	10.5
681	269	7.5
681	270	18.0
681	271	26.75
681	273	24.0
681	275	12.25
681	277	19.75
681	281	5.0
681	287	24.5
681	288	5.0
681	289	31.75
681	293	12.25
681	294	24.0
681	295	9.0
681	297	10.5
681	299	11.5
681	300	50.0
681	301	14.0
681	302	16.0
681	303	24.0
681	304	17.5
681	306	10.0
681	307	16.0
681	309	12.25
681	310	37.75
681	313	1.0
681	316	54.0
681	319	4.0
681	320	8.0
681	321	23.0
681	323	12.25
681	324	5.0
681	325	11.5
681	326	31.5
681	327	22.0
681	330	15.0
681	331	31.5
681	333	14.0
681	335	14.0
681	336	24.75
681	342	8.75
681	344	5.0
681	345	27.25
681	347	12.25
681	348	10.0
681	351	27.25
681	364	14.0
681	370	5.0
681	371	5.0
681	373	20.0
681	374	20.5
681	377	15.5
681	379	10.0
681	381	7.5
681	383	5.0
681	387	10.5
681	390	10.0
681	391	38.0
681	392	14.0
681	395	27.25
681	398	7.5
681	401	11.5
681	402	18.0
681	403	5.0
681	404	7.25
681	408	12.25
681	409	6.0
681	413	5.25
681	416	15.75
681	419	14.0
681	420	4.0
681	421	19.75
681	422	10.0
681	424	4.0
681	427	12.0
681	428	10.0
681	429	5.0
681	431	24.5
681	437	43.0
681	438	32.5
681	444	5.0
681	445	10.0
681	447	4.0
681	449	4.0
681	452	6.25
681	458	1.0
681	460	18.75
681	461	5.0
681	464	7.5
681	467	5.0
681	469	12.25
681	470	16.25
681	472	40.5
681	478	5.0
681	484	14.0
681	486	7.0
681	488	16.0
681	489	37.75
681	490	10.0
681	492	19.0
681	497	14.0
681	498	24.0
681	499	6.25
681	501	17.5
681	504	4.0
681	506	20.5
681	508	9.0
681	511	6.0
681	517	5.0
681	522	7.5
681	524	10.0
681	538	20.5
681	539	7.5
681	540	10.0
681	542	5.0
681	544	10.5
681	545	18.0
681	546	10.0
681	547	15.75
681	548	7.5
681	550	10.0
681	553	17.25
681	554	12.5
681	555	12.25
681	561	5.0
681	562	6.0
681	563	24.75
681	565	12.5
681	567	10.5
681	568	8.75
681	569	20.75
681	571	10.5
681	572	8.75
681	581	41.25
681	582	21.5
681	588	3.75
681	597	22.75
681	599	12.25
681	602	12.25
681	607	14.0
681	609	12.25
681	610	14.0
681	614	14.0
681	617	19.75
681	622	7.5
681	628	5.0
681	629	5.0
681	631	5.0
681	632	5.0
681	633	5.0
681	635	28.0
681	637	33.5
681	638	24.5
681	639	12.25
681	640	12.25
681	644	35.25
681	651	7.5
681	656	5.0
681	662	32.0
681	665	14.0
681	666	12.25
681	667	10.25
681	671	22.25
681	672	11.5
681	676	10.5
681	677	12.25
681	678	8.75
681	679	6.25
681	680	9.25
681	681	35.75
681	682	24.0
681	685	14.5
681	686	4.0
681	687	45.0
681	689	44.0
681	692	6.0
681	697	26.25
681	699	12.25
681	700	4.0
681	701	21.5
681	703	5.0
681	705	12.25
681	706	26.25
681	707	14.0
681	708	12.25
681	709	45.75
681	715	19.75
681	716	35.5
681	719	12.25
681	731	6.25
681	734	19.5
681	736	6.0
681	739	3.75
681	744	14.0
681	745	7.25
681	746	14.0
681	756	14.0
681	757	5.0
681	770	14.0
681	772	15.0
681	781	10.5
681	784	15.5
681	790	10.5
681	798	22.25
681	827	14.0
681	836	43.0
681	837	10.0
681	838	5.0
681	841	12.25
681	845	10.5
681	850	5.0
681	853	14.0
681	860	12.25
681	861	12.25
681	864	5.0
681	865	12.25
681	872	4.0
681	873	12.25
681	881	5.0
681	886	13.5
681	887	6.25
681	888	24.0
681	891	22.0
681	892	12.25
681	895	25.25
681	897	24.0
681	901	16.5
681	2575	14.0
681	2585	29.75
681	2587	12.25
681	2594	12.25
681	2651	3.0
681	2659	4.0
681	2663	6.0
681	2668	10.5
681	2670	4.0
681	2681	15.75
681	2687	5.0
681	2694	5.0
681	2702	7.0
681	2742	4.0
681	2766	15.0
681	2779	14.0
681	2782	14.0
681	3081	30.5
681	3082	24.5
681	3085	36.25
681	3089	10.5
681	3103	14.0
681	3126	12.25
681	3141	24.5
681	3166	6.0
681	3230	4.0
681	3244	4.0
681	3260	12.25
681	3262	12.25
681	3309	6.0
681	3331	15.75
681	3366	24.0
681	3388	15.75
681	3415	11.25
681	3452	6.25
681	3454	7.5
681	3480	3.0
681	3685	6.0
681	3724	10.0
681	3772	7.5
681	3783	5.0
681	4273	6.25
681	4274	12.25
681	4346	10.5
681	4402	5.0
681	4484	8.25
681	4521	25.75
681	4544	15.0
681	4572	39.5
681	4573	22.75
681	4588	27.5
681	4595	31.25
681	4653	24.75
681	4685	24.0
681	4697	11.25
681	4720	12.5
681	4761	40.0
681	4795	19.75
681	4797	20.5
681	4852	6.25
681	4856	6.25
681	4878	45.25
681	4911	4.0
681	4913	7.5
681	4922	15.25
681	4928	21.0
681	4953	22.25
681	4991	8.75
681	5016	12.25
681	5074	14.0
681	5108	14.0
681	5154	28.75
681	5345	3.0
681	5419	8.75
681	5508	10.0
681	5511	7.5
681	5525	6.25
681	5529	16.0
681	5582	27.75
681	5583	8.75
681	5764	7.0
681	6004	16.0
681	6116	5.0
681	6124	15.75
681	6125	5.0
681	6297	3.0
681	6403	4.0
681	6462	10.0
681	6513	10.0
681	6848	5.25
681	6865	4.0
681	6964	7.5
681	7153	5.0
681	7155	2.0
681	7181	1.0
681	7603	1.0
681	7780	5.0
681	8088	5.0
681	8551	14.0
681	8619	17.0
681	8688	5.0
681	8743	5.0
681	8796	6.0
681	8814	14.75
681	8947	15.0
681	9043	6.0
681	9150	24.5
681	9163	11.0
681	9169	10.0
681	9351	5.0
681	9384	18.25
681	9551	14.75
681	9578	8.0
681	9661	18.25
681	9723	6.0
681	9795	5.0
681	10259	6.0
681	10398	6.0
681	10502	3.0
681	10572	6.0
681	10692	16.0
681	10809	7.0
681	11136	6.0
681	11294	11.25
681	11418	5.0
681	11521	10.0
681	11763	2.0
681	11829	4.0
681	12226	5.0
681	12290	13.75
681	12292	5.0
681	12331	4.0
681	12713	10.0
681	12836	16.0
681	13413	19.5
681	13913	5.0
681	15297	11.25
681	16008	7.5
681	16098	8.75
681	16235	6.25
681	16757	10.0
681	16825	6.0
681	16967	3.0
781	1	10.5
781	5	27.0
781	7	15.0
781	10	6.0
781	11	22.5
781	14	7.5
781	15	13.5
781	16	3.0
781	23	10.5
781	26	44.0
781	28	9.0
781	30	12.0
781	35	19.5
781	38	12.0
781	42	3.0
781	44	13.5
781	48	25.5
781	49	6.0
781	50	7.5
781	52	6.0
781	59	22.5
781	67	13.5
781	68	9.0
781	72	21.0
781	75	13.5
781	78	21.0
781	83	6.0
781	90	10.5
781	91	12.0
781	92	6.0
781	93	12.0
781	94	10.5
781	95	12.0
781	97	10.5
781	101	9.0
781	103	6.0
781	108	24.0
781	109	22.5
781	120	24.0
781	121	44.0
781	122	9.0
781	123	12.0
781	124	22.5
781	125	13.5
781	126	13.5
781	127	42.0
781	129	9.0
781	130	10.5
781	132	12.0
781	134	10.5
781	135	12.0
781	138	22.5
781	150	12.0
781	158	25.5
781	159	10.5
781	161	12.0
781	165	12.0
781	168	12.0
781	181	7.5
781	186	10.5
781	194	12.0
781	195	10.5
781	196	22.5
781	201	10.5
781	202	12.0
781	205	4.5
781	207	12.0
781	208	12.0
781	209	9.0
781	210	12.0
781	211	10.5
781	213	10.5
781	215	7.5
781	216	12.0
781	218	10.5
781	221	10.5
781	230	13.5
781	231	12.0
781	236	13.5
781	239	10.5
781	241	6.0
781	242	12.0
781	245	3.0
781	247	6.0
781	252	7.5
781	255	12.0
781	260	24.0
781	264	21.0
781	266	10.5
781	267	9.0
781	271	12.0
781	275	10.5
781	277	10.5
781	287	9.0
781	289	10.5
781	293	10.5
781	294	12.0
781	297	9.0
781	300	12.0
781	303	12.0
781	304	3.0
781	307	6.0
781	309	10.5
781	310	9.0
781	316	15.0
781	321	6.0
781	323	10.5
781	326	13.5
781	327	7.5
781	330	13.5
781	331	12.0
781	333	12.0
781	335	12.0
781	336	10.5
781	342	7.5
781	347	10.5
781	351	10.5
781	373	12.0
781	377	9.0
781	387	9.0
781	391	12.0
781	395	10.5
781	402	9.0
781	404	1.5
781	408	10.5
781	413	4.5
781	416	13.5
781	419	12.0
781	421	10.5
781	431	10.5
781	437	38.5
781	438	12.0
781	460	7.5
781	470	10.5
781	472	10.5
781	486	6.0
781	489	10.5
781	492	12.0
781	497	12.0
781	498	12.0
781	506	9.0
781	538	9.0
781	541	9.0
781	544	9.0
781	545	12.0
781	547	13.5
781	563	22.5
781	567	9.0
781	569	13.5
781	581	18.0
781	582	12.0
781	597	9.0
781	602	10.5
781	609	10.5
781	617	10.5
781	630	15.0
781	635	12.0
781	637	7.5
781	638	13.5
781	639	10.5
781	640	10.5
781	644	10.5
781	662	13.5
781	665	12.0
781	666	10.5
781	671	10.5
781	676	9.0
781	677	21.0
781	679	13.5
781	681	10.5
781	682	12.0
781	685	9.0
781	687	10.5
781	689	12.0
781	697	10.5
781	699	10.5
781	705	10.5
781	706	10.5
781	707	12.0
781	708	10.5
781	709	24.0
781	715	10.5
781	716	12.0
781	719	10.5
781	734	9.0
781	736	12.0
781	744	12.0
781	756	12.0
781	770	13.5
781	781	34.0
781	784	9.0
781	790	9.0
781	798	21.0
781	836	24.0
781	837	12.0
781	841	10.5
781	845	9.0
781	853	12.0
781	860	10.5
781	861	10.5
781	865	10.5
781	873	24.0
781	880	13.5
781	888	12.0
781	891	6.0
781	892	10.5
781	895	25.5
781	897	19.5
781	901	9.0
781	2575	12.0
781	2585	13.5
781	2587	10.5
781	2594	10.5
781	2668	9.0
781	2779	12.0
781	2782	12.0
781	3081	9.0
781	3082	13.5
781	3085	13.5
781	3103	12.0
781	3126	10.5
781	3141	10.5
781	3366	12.0
781	3415	9.0
781	3724	6.0
781	4274	10.5
781	4346	9.0
781	4521	13.5
781	4572	21.0
781	4573	9.0
781	4588	24.0
781	4595	12.0
781	4653	16.5
781	4685	12.0
781	4761	28.5
781	4795	10.5
781	4797	9.0
781	4878	28.0
781	4922	10.5
781	4928	10.5
781	5016	10.5
781	5074	12.0
781	5154	12.0
781	5300	10.5
781	9661	14.0
781	10819	18.0
781	12290	18.0
781	13413	18.0
781	14738	18.0
881	1	82.75
881	2	7.0
881	5	138.25
881	6	25.75
881	7	93.5
881	11	111.5
881	14	8.75
881	15	86.5
881	16	44.0
881	17	47.25
881	18	77.75
881	21	6.0
881	23	6.0
881	25	7.5
881	26	171.0
881	28	8.0
881	29	19.0
881	30	36.5
881	33	8.0
881	34	6.0
881	35	12.75
881	37	48.0
881	38	95.5
881	41	54.75
881	42	35.0
881	43	12.5
881	44	17.25
881	45	6.0
881	48	134.25
881	49	8.0
881	50	90.75
881	52	42.5
881	54	4.0
881	55	6.0
881	59	91.75
881	61	25.5
881	65	6.0
881	70	8.0
881	71	9.0
881	72	25.0
881	75	103.25
881	78	139.0
881	81	3.5
881	83	9.5
881	84	11.5
881	88	9.25
881	90	8.0
881	91	26.75
881	92	12.5
881	93	4.0
881	95	5.0
881	99	4.0
881	101	4.0
881	102	57.0
881	103	4.0
881	104	6.0
881	105	8.0
881	106	48.0
881	108	81.25
881	109	62.75
881	110	7.0
881	112	39.75
881	119	6.0
881	120	168.25
881	121	175.75
881	122	92.5
881	123	33.0
881	124	157.25
881	125	52.0
881	127	128.0
881	129	10.0
881	130	11.25
881	132	66.5
881	135	33.5
881	137	48.0
881	138	52.0
881	139	4.0
881	143	6.0
881	146	7.0
881	148	9.0
881	150	63.0
881	158	110.0
881	159	43.0
881	160	6.0
881	161	87.25
881	162	28.5
881	168	13.5
881	169	102.75
881	173	5.0
881	176	11.0
881	181	6.0
881	184	18.0
881	187	6.0
881	192	27.0
881	195	8.0
881	197	24.0
881	200	98.25
881	201	63.0
881	202	10.0
881	206	36.5
881	208	60.25
881	209	14.0
881	210	30.0
881	211	8.0
881	212	4.0
881	213	6.0
881	214	58.75
881	215	12.25
881	216	7.0
881	217	6.0
881	224	6.0
881	226	4.0
881	230	20.0
881	232	5.0
881	234	12.75
881	241	6.0
881	242	31.0
881	243	10.0
881	245	5.5
881	246	4.0
881	247	91.0
881	249	62.5
881	250	9.0
881	255	15.0
881	256	23.75
881	257	6.0
881	258	48.75
881	260	41.0
881	264	43.0
881	266	10.5
881	269	6.0
881	270	116.5
881	271	15.5
881	272	17.0
881	273	8.0
881	277	25.5
881	284	42.75
881	286	13.0
881	288	10.0
881	289	60.0
881	294	8.0
881	295	12.75
881	299	21.0
881	300	61.25
881	302	23.75
881	303	5.0
881	304	8.0
881	306	8.0
881	307	14.0
881	310	48.25
881	316	79.75
881	321	58.25
881	325	18.0
881	326	9.0
881	327	20.0
881	330	140.75
881	336	34.75
881	344	13.75
881	345	47.25
881	348	8.0
881	351	75.0
881	369	5.0
881	371	4.0
881	372	12.0
881	374	63.5
881	377	4.0
881	379	8.0
881	381	6.0
881	390	8.0
881	391	8.0
881	393	11.25
881	395	17.0
881	398	23.0
881	399	4.0
881	401	6.0
881	402	16.75
881	403	22.0
881	404	13.0
881	409	15.0
881	421	6.0
881	422	14.0
881	427	97.5
881	428	8.0
881	429	4.0
881	431	64.25
881	434	13.75
881	437	104.0
881	438	10.0
881	445	10.5
881	448	7.0
881	452	5.0
881	460	8.0
881	461	4.0
881	464	6.0
881	470	30.75
881	472	78.0
881	477	6.0
881	478	4.0
881	485	23.0
881	488	8.0
881	489	83.25
881	490	15.25
881	498	49.5
881	499	28.75
881	501	114.0
881	504	10.5
881	506	29.0
881	508	18.0
881	511	50.0
881	517	4.0
881	522	24.5
881	524	8.0
881	538	20.0
881	539	6.0
881	540	32.75
881	541	9.0
881	542	11.5
881	546	8.0
881	548	6.0
881	550	14.0
881	553	1.0
881	554	6.0
881	561	4.0
881	562	23.75
881	563	100.75
881	565	17.5
881	568	7.0
881	569	32.0
881	581	44.75
881	582	6.0
881	588	3.0
881	590	28.75
881	597	5.0
881	604	15.0
881	617	6.0
881	622	22.0
881	625	34.0
881	628	4.0
881	629	18.25
881	635	34.5
881	637	10.0
881	638	7.0
881	644	17.25
881	651	6.0
881	655	12.0
881	656	4.0
881	662	46.0
881	667	5.0
881	671	28.0
881	672	6.0
881	678	7.0
881	679	5.0
881	681	5.0
881	682	42.5
881	687	80.0
881	688	17.75
881	689	8.0
881	695	7.0
881	701	14.75
881	709	80.25
881	715	28.75
881	716	29.5
881	731	17.0
881	732	7.5
881	734	4.0
881	736	56.75
881	739	3.0
881	744	5.0
881	745	5.0
881	746	15.75
881	757	12.0
881	793	8.0
881	798	8.0
881	801	12.0
881	834	18.0
881	836	80.5
881	837	41.0
881	853	7.0
881	864	40.0
881	881	158.5
881	883	7.0
881	884	2.5
881	886	31.5
881	887	13.0
881	888	15.75
881	891	33.0
881	895	80.5
881	897	63.5
881	2651	7.5
881	2675	10.5
881	2687	7.0
881	2745	7.5
881	2748	11.25
881	2766	47.25
881	2779	16.0
881	2783	3.75
881	3081	68.75
881	3082	17.5
881	3085	8.0
881	3141	22.5
881	3142	41.5
881	3166	9.0
881	3170	6.0
881	3366	52.75
881	3388	6.0
881	3415	62.0
881	3445	11.25
881	3452	15.5
881	3454	6.0
881	3685	11.25
881	3724	8.0
881	3738	46.5
881	3772	37.5
881	3783	37.0
881	3940	11.0
881	4273	5.0
881	4346	6.0
881	4356	12.75
881	4402	9.0
881	4484	27.5
881	4521	33.0
881	4544	12.5
881	4572	40.0
881	4573	26.75
881	4588	6.0
881	4595	23.75
881	4653	63.5
881	4685	12.0
881	4697	63.75
881	4720	66.0
881	4761	86.5
881	4764	20.0
881	4795	6.0
881	4797	19.25
881	4815	7.5
881	4852	16.0
881	4856	5.0
881	4878	131.5
881	4913	6.0
881	4922	4.0
881	4928	13.75
881	4953	95.5
881	4991	15.0
881	5044	4.0
881	5061	8.0
881	5074	8.75
881	5080	6.0
881	5108	30.0
881	5154	83.0
881	5295	13.5
881	5300	85.0
881	5355	7.5
881	5419	15.0
881	5491	10.0
881	5502	4.5
881	5508	15.5
881	5511	6.0
881	5519	7.5
881	5525	5.0
881	5528	18.0
881	5529	67.25
881	5562	7.5
881	5582	93.25
881	5583	35.75
881	5662	7.5
881	5764	89.25
881	5791	4.0
881	5887	16.0
881	5922	8.75
881	5944	8.75
881	5990	26.5
881	6003	18.0
881	6004	76.25
881	6076	16.75
881	6095	15.5
881	6116	16.5
881	6121	10.5
881	6124	32.75
881	6125	21.5
881	6135	24.0
881	6225	26.5
881	6401	8.75
881	6403	21.5
881	6462	27.75
881	6513	21.5
881	6631	8.75
881	6860	4.0
881	6964	14.0
881	7099	6.25
881	7150	5.0
881	7152	2.0
881	7153	28.25
881	7191	6.25
881	7272	18.0
881	7437	10.0
881	7451	22.5
881	7475	17.75
881	7606	5.0
881	7780	11.25
881	8059	18.0
881	8086	12.25
881	8152	10.0
881	8191	10.0
881	8502	7.5
881	8551	31.25
881	8578	11.25
881	8619	44.25
881	8632	9.75
881	8688	30.25
881	8743	18.75
881	8752	19.5
881	8814	50.25
881	8881	16.25
881	8919	1.0
881	8947	46.25
881	8984	18.0
881	9060	8.75
881	9150	65.5
881	9163	75.75
881	9166	7.5
881	9169	8.0
881	9242	41.5
881	9327	23.25
881	9351	37.75
881	9384	89.75
881	9416	9.0
881	9551	44.0
881	9611	7.5
881	9661	49.75
881	9903	10.0
881	9991	9.0
881	10081	21.0
881	10207	7.5
881	10276	10.0
881	10381	7.5
881	10398	6.0
881	10610	35.25
881	10692	47.0
881	10819	9.0
881	10985	15.75
881	11136	27.75
881	11229	18.5
881	11237	5.0
881	11294	9.0
881	11378	7.5
881	11418	8.75
881	11467	8.75
881	11521	36.0
881	11888	7.5
881	12290	52.5
881	12292	51.5
881	12713	8.0
881	12836	35.0
881	13005	7.5
881	13049	9.0
881	13084	11.25
881	13413	51.75
881	13417	8.0
881	13602	39.25
881	13821	22.25
881	13861	3.75
881	14011	20.0
881	14140	10.0
881	14242	8.75
881	14738	9.0
881	15297	9.0
881	16008	13.5
881	16040	13.5
881	16098	7.0
881	16235	13.75
881	16757	8.0
881	16825	12.5
2681	5	20.25
2681	7	38.0
2681	8	18.0
2681	11	35.75
2681	14	13.5
2681	17	12.5
2681	26	35.25
2681	36	13.5
2681	37	20.0
2681	39	20.0
2681	48	11.25
2681	50	13.5
2681	59	18.0
2681	64	11.25
2681	68	22.5
2681	75	63.0
2681	78	11.25
2681	83	23.25
2681	90	18.0
2681	91	22.5
2681	92	18.0
2681	93	20.25
2681	108	22.5
2681	109	18.0
2681	112	15.75
2681	119	18.0
2681	120	15.75
2681	121	20.25
2681	122	20.25
2681	123	20.25
2681	124	18.0
2681	125	15.75
2681	127	15.75
2681	128	18.0
2681	130	15.75
2681	132	13.5
2681	135	18.0
2681	138	15.75
2681	148	15.75
2681	158	21.25
2681	161	15.75
2681	165	15.75
2681	168	20.25
2681	196	18.0
2681	200	11.25
2681	201	22.5
2681	202	18.0
2681	210	15.75
2681	216	18.0
2681	234	18.0
2681	236	22.5
2681	241	9.0
2681	247	11.25
2681	271	11.25
2681	273	18.0
2681	287	18.0
2681	300	22.5
2681	301	18.0
2681	310	15.75
2681	316	18.0
2681	326	20.25
2681	331	22.5
2681	345	15.75
2681	364	18.0
2681	391	18.0
2681	392	18.0
2681	431	13.5
2681	437	15.75
2681	469	15.75
2681	472	20.25
2681	484	18.0
2681	489	13.5
2681	553	15.75
2681	555	15.75
2681	571	13.5
2681	572	11.25
2681	581	38.0
2681	599	15.75
2681	607	18.0
2681	610	18.0
2681	614	18.0
2681	635	18.0
2681	637	15.75
2681	644	18.0
2681	680	6.75
2681	681	15.75
2681	687	20.25
2681	689	18.0
2681	697	18.0
2681	701	18.0
2681	706	18.0
2681	709	20.25
2681	716	18.0
2681	746	18.0
2681	772	18.0
2681	827	18.0
2681	836	20.5
2681	837	17.5
2681	895	20.0
2681	2585	20.25
2681	2681	70.25
2681	3085	13.5
2681	3089	13.5
2681	3141	15.75
2681	3260	15.75
2681	3262	15.75
2681	3331	20.25
2681	3388	20.25
2681	4572	15.75
2681	4573	15.75
2681	4761	18.0
2681	4878	38.0
2681	4953	15.75
2681	5582	36.0
2681	6848	6.75
2681	9150	20.25
3081	1	166.75
3081	2	39.5
3081	5	377.5
3081	6	49.5
3081	7	161.25
3081	10	14.0
3081	11	266.5
3081	14	16.25
3081	15	210.5
3081	16	94.0
3081	17	94.5
3081	18	122.5
3081	21	20.0
3081	23	30.5
3081	24	6.0
3081	25	26.5
3081	26	408.75
3081	27	6.0
3081	28	25.0
3081	29	36.0
3081	30	105.0
3081	33	14.0
3081	34	12.0
3081	35	73.75
3081	36	10.0
3081	37	88.25
3081	38	222.0
3081	39	28.5
3081	41	117.5
3081	42	95.5
3081	43	7.5
3081	44	107.75
3081	45	12.0
3081	46	8.0
3081	48	339.25
3081	49	22.0
3081	50	255.75
3081	52	189.5
3081	54	8.0
3081	55	12.0
3081	58	12.0
3081	59	205.25
3081	61	48.0
3081	65	12.0
3081	67	13.5
3081	70	40.0
3081	71	16.75
3081	72	107.0
3081	75	276.5
3081	78	314.75
3081	80	18.0
3081	81	11.0
3081	83	17.5
3081	84	25.75
3081	87	3.0
3081	88	47.25
3081	90	26.5
3081	91	113.25
3081	92	54.5
3081	93	71.75
3081	94	19.25
3081	95	40.0
3081	97	10.5
3081	99	8.0
3081	101	44.75
3081	102	101.0
3081	103	54.5
3081	104	12.0
3081	105	32.0
3081	106	122.25
3081	108	301.25
3081	109	226.75
3081	110	33.0
3081	112	88.0
3081	113	9.0
3081	119	12.0
3081	120	289.5
3081	121	411.25
3081	122	283.25
3081	123	193.5
3081	124	285.25
3081	125	162.0
3081	126	78.0
3081	127	356.0
3081	128	10.5
3081	129	38.0
3081	130	28.5
3081	132	103.25
3081	134	10.5
3081	135	72.25
3081	137	141.25
3081	138	160.25
3081	139	12.0
3081	143	12.0
3081	146	12.25
3081	148	10.0
3081	149	7.0
3081	150	168.25
3081	155	13.5
3081	158	275.25
3081	159	36.5
3081	160	12.0
3081	161	181.5
3081	162	54.0
3081	165	12.0
3081	166	13.5
3081	168	51.0
3081	169	123.25
3081	173	20.0
3081	176	8.5
3081	177	18.5
3081	181	33.5
3081	184	42.0
3081	187	12.0
3081	192	65.25
3081	194	12.0
3081	195	40.5
3081	196	66.5
3081	197	29.5
3081	200	185.0
3081	201	72.5
3081	202	62.0
3081	204	22.5
3081	205	22.5
3081	206	90.5
3081	207	12.0
3081	208	150.75
3081	209	61.0
3081	210	127.75
3081	211	64.0
3081	212	17.0
3081	213	34.5
3081	214	147.75
3081	215	45.25
3081	216	92.0
3081	217	23.5
3081	218	10.5
3081	221	10.5
3081	224	12.0
3081	226	8.0
3081	229	33.25
3081	230	128.75
3081	231	12.0
3081	232	10.0
3081	234	55.25
3081	236	36.0
3081	238	14.5
3081	239	10.5
3081	240	13.5
3081	241	91.5
3081	242	178.0
3081	243	8.0
3081	245	33.5
3081	246	13.5
3081	247	148.25
3081	249	70.0
3081	250	17.0
3081	252	16.5
3081	253	49.25
3081	254	8.0
3081	255	35.0
3081	256	16.75
3081	257	12.0
3081	258	156.75
3081	260	77.75
3081	264	157.75
3081	266	10.5
3081	267	9.0
3081	269	32.0
3081	270	263.0
3081	271	108.75
3081	272	24.75
3081	273	16.0
3081	275	42.0
3081	277	84.0
3081	280	12.5
3081	281	44.0
3081	284	37.5
3081	286	21.25
3081	287	9.0
3081	288	26.0
3081	289	161.0
3081	293	10.5
3081	294	28.0
3081	295	24.75
3081	297	24.75
3081	299	57.5
3081	300	217.25
3081	302	89.5
3081	303	111.25
3081	304	40.5
3081	306	48.0
3081	307	41.5
3081	309	30.5
3081	310	110.75
3081	313	8.0
3081	316	222.25
3081	319	8.0
3081	320	16.0
3081	321	179.5
3081	323	10.5
3081	324	10.0
3081	325	41.5
3081	326	27.0
3081	327	52.5
3081	330	165.75
3081	331	12.0
3081	333	12.0
3081	335	24.25
3081	336	87.25
3081	339	6.0
3081	342	19.5
3081	344	30.25
3081	345	119.25
3081	347	22.5
3081	348	16.0
3081	350	13.5
3081	351	89.25
3081	368	10.5
3081	369	16.5
3081	370	10.0
3081	371	8.0
3081	373	57.5
3081	374	112.25
3081	376	7.5
3081	377	26.0
3081	379	16.0
3081	381	12.0
3081	383	10.0
3081	384	7.0
3081	387	9.0
3081	390	16.0
3081	391	67.25
3081	393	4.5
3081	395	63.5
3081	398	36.0
3081	399	7.0
3081	400	13.5
3081	401	41.0
3081	402	38.0
3081	403	21.25
3081	404	34.0
3081	408	10.5
3081	409	21.0
3081	411	13.5
3081	413	4.5
3081	416	13.5
3081	419	12.0
3081	420	8.0
3081	421	34.75
3081	422	34.0
3081	424	8.0
3081	427	151.0
3081	428	45.0
3081	429	8.0
3081	430	18.0
3081	431	135.75
3081	434	50.25
3081	435	18.0
3081	437	198.75
3081	438	84.0
3081	439	10.5
3081	444	10.0
3081	445	36.0
3081	447	22.0
3081	448	21.25
3081	449	8.0
3081	452	10.0
3081	458	2.0
3081	460	23.5
3081	461	8.0
3081	463	3.0
3081	464	32.0
3081	466	12.0
3081	467	10.0
3081	470	35.0
3081	472	179.0
3081	478	8.0
3081	485	8.75
3081	486	6.0
3081	488	52.75
3081	489	170.75
3081	490	30.25
3081	492	22.0
3081	497	12.0
3081	498	102.5
3081	499	24.0
3081	501	184.5
3081	504	21.5
3081	506	134.5
3081	508	48.0
3081	511	204.0
3081	512	18.0
3081	517	8.0
3081	522	41.75
3081	524	16.0
3081	525	12.0
3081	538	45.0
3081	539	12.0
3081	540	51.0
3081	541	13.5
3081	542	26.0
3081	544	9.0
3081	545	20.0
3081	546	16.0
3081	547	13.5
3081	548	12.0
3081	549	15.0
3081	550	58.0
3081	553	19.0
3081	554	51.5
3081	557	26.5
3081	561	8.0
3081	562	29.25
3081	563	202.5
3081	565	58.5
3081	567	9.0
3081	568	27.5
3081	569	104.0
3081	570	1.5
3081	578	10.5
3081	581	180.5
3081	582	34.5
3081	584	14.0
3081	588	6.0
3081	590	18.75
3081	597	46.0
3081	598	10.5
3081	602	10.5
3081	604	18.5
3081	609	10.5
3081	610	34.0
3081	617	22.5
3081	622	19.0
3081	625	34.75
3081	627	12.25
3081	628	8.0
3081	629	49.0
3081	631	10.0
3081	632	10.0
3081	633	10.0
3081	635	97.5
3081	637	59.0
3081	638	38.0
3081	639	10.5
3081	640	10.5
3081	641	9.0
3081	644	99.5
3081	651	12.0
3081	653	14.0
3081	655	18.25
3081	656	8.0
3081	662	170.0
3081	665	12.0
3081	666	10.5
3081	667	18.0
3081	671	49.0
3081	672	20.0
3081	675	17.5
3081	676	18.0
3081	677	10.5
3081	678	14.0
3081	679	10.0
3081	680	18.5
3081	681	30.5
3081	682	66.75
3081	685	17.0
3081	686	8.0
3081	687	212.25
3081	688	18.0
3081	689	48.0
3081	692	27.75
3081	695	12.25
3081	697	10.5
3081	699	10.5
3081	700	14.0
3081	701	20.75
3081	703	10.0
3081	705	10.5
3081	706	10.5
3081	707	12.0
3081	708	10.5
3081	709	195.5
3081	715	85.25
3081	716	118.0
3081	719	10.5
3081	731	20.5
3081	732	7.5
3081	734	25.0
3081	736	157.25
3081	738	13.5
3081	739	6.0
3081	744	12.0
3081	745	22.5
3081	746	64.75
3081	756	12.0
3081	757	29.75
3081	765	7.0
3081	770	26.0
3081	772	2.0
3081	781	9.0
3081	782	14.0
3081	784	19.0
3081	790	9.0
3081	793	31.5
3081	798	37.75
3081	819	18.0
3081	827	12.25
3081	829	5.0
3081	834	14.0
3081	836	231.0
3081	837	48.0
3081	838	10.0
3081	841	10.5
3081	845	9.0
3081	850	10.0
3081	853	12.0
3081	860	10.5
3081	861	10.5
3081	864	42.75
3081	865	10.5
3081	867	14.0
3081	872	8.0
3081	873	10.5
3081	881	68.75
3081	883	7.0
3081	884	4.0
3081	886	36.0
3081	887	25.75
3081	888	75.25
3081	891	180.25
3081	892	10.5
3081	895	184.5
3081	897	130.5
3081	901	21.0
3081	2575	12.0
3081	2585	12.0
3081	2587	10.5
3081	2594	10.5
3081	2634	18.0
3081	2651	18.0
3081	2659	8.0
3081	2663	12.0
3081	2668	29.0
3081	2670	15.5
3081	2675	9.0
3081	2684	20.0
3081	2687	28.25
3081	2694	10.0
3081	2702	46.5
3081	2742	8.0
3081	2748	18.0
3081	2766	129.5
3081	2779	28.0
3081	2782	28.0
3081	2783	11.25
3081	2785	16.0
3081	3081	487.5
3081	3082	27.5
3081	3085	38.25
3081	3100	7.5
3081	3103	12.0
3081	3126	10.5
3081	3141	87.0
3081	3142	26.0
3081	3159	10.5
3081	3161	16.0
3081	3166	12.0
3081	3170	15.75
3081	3230	8.0
3081	3244	8.0
3081	3277	32.0
3081	3309	12.0
3081	3366	48.25
3081	3383	6.0
3081	3388	30.0
3081	3415	90.25
3081	3445	18.0
3081	3452	38.0
3081	3454	12.0
3081	3480	6.0
3081	3685	30.0
3081	3724	32.0
3081	3738	34.5
3081	3772	47.25
3081	3783	49.0
3081	3940	15.0
3081	4273	10.0
3081	4274	10.5
3081	4346	40.5
3081	4356	11.25
3081	4402	10.0
3081	4484	47.25
3081	4521	59.5
3081	4544	67.5
3081	4572	96.75
3081	4573	49.0
3081	4588	56.0
3081	4595	92.25
3081	4653	114.25
3081	4685	40.0
3081	4697	148.5
3081	4720	80.5
3081	4761	127.25
3081	4764	28.75
3081	4781	9.5
3081	4795	47.25
3081	4797	36.25
3081	4815	12.0
3081	4852	18.75
3081	4856	10.0
3081	4878	268.0
3081	4911	8.0
3081	4913	12.0
3081	4922	24.0
3081	4928	44.75
3081	4953	162.25
3081	4991	14.0
3081	5016	10.5
3081	5044	7.0
3081	5061	12.0
3081	5074	40.75
3081	5080	17.5
3081	5108	34.5
3081	5154	208.0
3081	5273	7.5
3081	5295	12.0
3081	5300	96.75
3081	5345	6.0
3081	5346	36.5
3081	5419	48.5
3081	5478	6.0
3081	5491	16.0
3081	5502	13.5
3081	5508	16.0
3081	5511	12.0
3081	5519	7.5
3081	5525	16.0
3081	5528	49.75
3081	5529	123.25
3081	5562	7.5
3081	5582	214.0
3081	5583	97.25
3081	5662	12.0
3081	5764	72.0
3081	5791	7.0
3081	5887	26.5
3081	5922	8.75
3081	5944	8.75
3081	5990	45.0
3081	6004	125.0
3081	6076	21.25
3081	6095	29.5
3081	6116	15.5
3081	6124	86.75
3081	6125	24.0
3081	6225	18.0
3081	6297	6.0
3081	6401	14.0
3081	6403	42.25
3081	6462	28.0
3081	6513	16.0
3081	6523	0.5
3081	6581	10.5
3081	6631	14.0
3081	6860	6.0
3081	6865	8.0
3081	6964	38.75
3081	7099	6.25
3081	7150	8.75
3081	7152	24.25
3081	7153	40.5
3081	7155	4.0
3081	7181	2.0
3081	7191	10.0
3081	7272	18.0
3081	7329	22.5
3081	7437	16.0
3081	7451	24.5
3081	7453	2.0
3081	7475	14.0
3081	7603	2.0
3081	7606	7.5
3081	7780	58.5
3081	7959	7.5
3081	8059	6.0
3081	8086	12.75
3081	8088	10.0
3081	8152	16.0
3081	8191	28.0
3081	8391	7.5
3081	8495	7.5
3081	8502	24.25
3081	8551	82.75
3081	8578	27.75
3081	8619	77.75
3081	8629	30.5
3081	8632	15.5
3081	8688	64.75
3081	8696	7.0
3081	8743	35.75
3081	8752	31.0
3081	8766	20.25
3081	8796	12.0
3081	8814	109.0
3081	8881	40.75
3081	8903	13.5
3081	8919	1.5
3081	8947	109.5
3081	8984	15.0
3081	9043	27.75
3081	9060	27.5
3081	9063	15.75
3081	9089	8.0
3081	9147	4.5
3081	9150	127.75
3081	9163	99.0
3081	9166	12.0
3081	9169	24.75
3081	9186	18.0
3081	9242	60.25
3081	9327	19.5
3081	9351	106.25
3081	9361	9.0
3081	9384	118.75
3081	9398	4.5
3081	9407	7.5
3081	9415	18.0
3081	9478	18.25
3081	9551	113.25
3081	9572	31.75
3081	9578	16.0
3081	9602	18.0
3081	9611	19.5
3081	9653	7.5
3081	9661	153.75
3081	9723	12.0
3081	9747	4.5
3081	9786	40.0
3081	9787	12.0
3081	9795	10.0
3081	9816	4.5
3081	9823	10.5
3081	9903	16.0
3081	9975	12.25
3081	9991	12.25
3081	10039	4.5
3081	10081	8.0
3081	10107	10.0
3081	10136	4.5
3081	10207	12.0
3081	10259	12.0
3081	10272	7.5
3081	10276	16.0
3081	10280	10.0
3081	10288	6.5
3081	10381	27.75
3081	10398	36.75
3081	10476	3.0
3081	10502	6.0
3081	10525	18.0
3081	10572	12.0
3081	10610	81.5
3081	10633	6.0
3081	10654	10.5
3081	10692	122.0
3081	10809	14.0
3081	10819	5.0
3081	11035	15.75
3081	11073	28.25
3081	11136	59.5
3081	11168	4.5
3081	11207	12.25
3081	11229	65.75
3081	11237	18.0
3081	11246	7.5
3081	11294	18.0
3081	11335	4.5
3081	11378	12.0
3081	11406	9.0
3081	11418	45.0
3081	11467	14.0
3081	11517	7.5
3081	11521	64.25
3081	11568	10.5
3081	11759	20.0
3081	11763	4.0
3081	11829	8.0
3081	11870	8.0
3081	11888	30.0
3081	11890	9.0
3081	12226	10.0
3081	12249	4.5
3081	12289	30.75
3081	12290	112.0
3081	12292	84.25
3081	12331	8.0
3081	12642	4.5
3081	12713	16.0
3081	12718	18.0
3081	12836	110.0
3081	12852	9.0
3081	12890	20.25
3081	12925	1.5
3081	13005	12.0
3081	13045	4.5
3081	13049	2.0
3081	13052	3.0
3081	13084	18.0
3081	13148	6.0
3081	13378	3.0
3081	13413	174.0
3081	13417	61.5
3081	13602	50.75
3081	13680	4.5
3081	13821	24.5
3081	13861	6.0
3081	13913	10.0
3081	14011	10.5
3081	14085	6.0
3081	14140	16.0
3081	14189	12.0
3081	14242	14.0
3081	14341	6.0
3081	14462	13.5
3081	14508	11.25
3081	14515	9.0
3081	14621	10.5
3081	14673	6.0
3081	14959	7.5
3081	15227	3.5
3081	15297	33.75
3081	15307	14.0
3081	15582	4.5
3081	15713	6.0
3081	15720	15.5
3081	15727	7.5
3081	15734	7.5
3081	15969	6.0
3081	16008	40.75
3081	16044	4.5
3081	16073	6.0
3081	16098	22.0
3081	16129	3.0
3081	16183	3.0
3081	16235	24.0
3081	16737	12.25
3081	16757	16.0
3081	16825	40.0
3081	16835	7.5
3081	16918	7.5
3081	16967	6.0
4781	1	5.25
4781	2	6.5
4781	5	17.0
4781	7	5.75
4781	11	6.75
4781	15	11.75
4781	17	3.0
4781	18	5.5
4781	23	1.5
4781	26	17.0
4781	30	4.0
4781	35	2.5
4781	37	3.0
4781	38	12.25
4781	41	5.5
4781	42	5.5
4781	44	3.0
4781	48	14.75
4781	50	14.5
4781	52	4.0
4781	59	4.5
4781	70	3.75
4781	71	1.5
4781	72	4.0
4781	75	4.0
4781	78	14.0
4781	83	1.25
4781	87	1.0
4781	88	2.5
4781	91	1.5
4781	101	4.0
4781	102	5.0
4781	103	4.0
4781	108	16.0
4781	109	4.0
4781	110	3.0
4781	112	1.5
4781	120	5.5
4781	121	16.25
4781	122	8.25
4781	123	6.25
4781	124	12.0
4781	125	5.0
4781	127	17.5
4781	132	3.0
4781	133	0.5
4781	137	3.0
4781	138	10.25
4781	143	1.25
4781	149	0.5
4781	150	11.25
4781	158	15.5
4781	161	4.0
4781	162	4.0
4781	168	3.0
4781	169	3.0
4781	176	1.0
4781	192	4.0
4781	200	10.0
4781	204	3.0
4781	205	3.0
4781	206	5.75
4781	208	4.5
4781	209	4.0
4781	210	12.5
4781	211	4.0
4781	212	1.0
4781	214	9.5
4781	216	1.5
4781	219	1.0
4781	230	7.0
4781	232	1.25
4781	234	5.0
4781	238	2.0
4781	241	3.0
4781	242	3.75
4781	247	10.5
4781	250	0.75
4781	252	3.0
4781	253	2.0
4781	258	4.5
4781	264	4.5
4781	270	10.5
4781	271	1.25
4781	272	2.5
4781	277	4.0
4781	284	2.25
4781	286	3.0
4781	289	3.0
4781	299	4.5
4781	300	6.0
4781	302	4.0
4781	303	5.0
4781	313	2.0
4781	316	1.75
4781	321	2.0
4781	325	1.5
4781	327	7.0
4781	328	0.75
4781	330	3.5
4781	339	2.0
4781	345	4.0
4781	369	3.0
4781	374	5.0
4781	376	2.5
4781	383	0.25
4781	395	3.0
4781	398	2.0
4781	401	5.75
4781	404	4.75
4781	409	1.25
4781	427	9.75
4781	428	3.0
4781	434	3.25
4781	437	10.5
4781	447	4.0
4781	452	1.0
4781	463	1.0
4781	466	4.0
4781	472	8.0
4781	475	0.25
4781	489	7.75
4781	498	4.5
4781	501	9.0
4781	506	4.0
4781	511	5.5
4781	517	1.5
4781	522	5.5
4781	525	4.0
4781	540	3.0
4781	542	2.0
4781	549	5.0
4781	550	6.0
4781	553	2.5
4781	554	4.0
4781	559	1.25
4781	561	1.0
4781	563	10.0
4781	565	1.5
4781	570	0.5
4781	581	5.0
4781	590	1.5
4781	597	1.0
4781	604	0.75
4781	606	1.0
4781	622	0.5
4781	625	3.25
4781	635	2.0
4781	641	3.0
4781	655	5.5
4781	675	1.0
4781	676	3.0
4781	685	1.0
4781	687	1.5
4781	688	2.5
4781	700	2.0
4781	703	1.5
4781	709	4.5
4781	715	3.5
4781	757	2.5
4781	829	0.5
4781	834	5.5
4781	836	10.25
4781	864	3.5
4781	886	0.5
4781	888	2.0
4781	891	9.0
4781	895	5.0
4781	897	8.25
4781	2668	1.75
4781	2670	2.5
4781	2675	3.0
4781	2687	2.0
4781	2766	5.25
4781	3081	9.5
4781	3100	2.5
4781	3383	2.0
4781	3415	5.5
4781	3452	6.0
4781	3453	1.0
4781	3738	3.0
4781	3940	2.0
4781	4484	1.0
4781	4572	6.0
4781	4573	3.5
4781	4588	6.0
4781	4595	6.0
4781	4653	7.75
4781	4697	3.25
4781	4720	3.5
4781	4761	8.0
4781	4764	2.5
4781	4781	4.5
4781	4795	3.0
4781	4852	1.5
4781	4878	9.5
4781	4922	2.5
4781	4953	15.5
4781	5154	10.0
4781	5273	2.5
4781	5300	3.5
4781	5346	6.0
4781	5355	2.0
4781	5419	7.5
4781	5478	4.5
4781	5525	2.0
4781	5528	2.0
4781	5529	6.0
4781	5582	12.25
4781	5583	8.75
4781	5764	3.0
4781	5990	6.0
4781	6004	6.0
4781	6095	3.0
4781	6403	3.0
4781	6574	2.0
4781	6581	3.0
4781	6964	4.5
4781	7152	6.5
4781	7153	4.5
4781	7451	3.5
4781	7959	2.5
4781	8059	2.0
4781	8391	2.5
4781	8495	2.5
4781	8502	3.5
4781	8551	5.5
4781	8578	4.0
4781	8619	3.5
4781	8688	5.0
4781	8696	2.0
4781	8743	4.5
4781	8752	3.5
4781	8814	7.0
4781	8947	7.5
4781	8984	4.5
4781	9043	4.5
4781	9089	2.0
4781	9147	1.5
4781	9150	4.0
4781	9163	6.5
4781	9169	2.5
4781	9242	8.0
4781	9327	4.5
4781	9351	8.5
4781	9384	5.0
4781	9398	1.5
4781	9407	2.5
4781	9478	5.5
4781	9551	8.0
4781	9572	5.5
4781	9611	4.0
4781	9653	2.5
4781	9661	5.0
4781	9747	1.5
4781	9786	6.0
4781	9787	4.0
4781	9816	1.5
4781	9823	3.5
4781	9975	3.5
4781	9991	3.5
4781	10039	1.5
4781	10136	1.5
4781	10272	2.5
4781	10288	1.5
4781	10398	4.5
4781	10476	1.0
4781	10610	5.0
4781	10633	2.0
4781	10654	3.0
4781	10692	8.5
4781	11035	4.5
4781	11073	4.5
4781	11136	5.5
4781	11168	1.5
4781	11207	3.5
4781	11229	3.5
4781	11237	1.5
4781	11246	2.5
4781	11335	1.5
4781	11406	3.0
4781	11418	5.0
4781	11517	2.5
4781	11521	7.0
4781	11568	3.5
4781	11759	6.0
4781	11890	3.0
4781	12249	1.5
4781	12289	5.5
4781	12290	7.5
4781	12292	7.5
4781	12642	1.5
4781	12836	4.5
4781	12852	3.0
4781	12925	0.5
4781	13045	1.5
4781	13148	2.0
4781	13413	8.0
4781	13602	3.0
4781	13680	1.5
4781	13821	3.5
4781	14011	2.5
4781	14085	2.0
4781	14341	2.0
4781	14462	2.5
4781	14515	3.0
4781	14621	3.0
4781	14673	2.0
4781	14959	2.5
4781	15297	4.5
4781	15582	1.5
4781	15713	2.0
4781	15720	2.5
4781	15727	2.5
4781	15734	2.5
4781	15969	2.0
4781	16008	5.0
4781	16044	1.5
4781	16073	2.0
4781	16129	1.0
4781	16183	1.0
4781	16737	3.5
4781	16835	2.5
4781	16918	2.5
5981	5	17.5
5981	11	14.0
5981	15	12.25
5981	26	14.0
5981	30	10.5
5981	41	12.25
5981	44	12.25
5981	48	14.0
5981	50	12.25
5981	59	12.25
5981	78	14.0
5981	80	12.25
5981	92	17.5
5981	106	14.0
5981	108	17.5
5981	121	14.0
5981	122	10.5
5981	127	14.0
5981	135	15.75
5981	138	14.0
5981	150	8.75
5981	158	12.25
5981	176	7.0
5981	202	14.0
5981	208	12.25
5981	210	12.25
5981	216	17.5
5981	270	15.75
5981	271	14.0
5981	310	17.5
5981	327	14.0
5981	336	12.25
5981	404	12.25
5981	437	14.0
5981	452	8.75
5981	470	14.0
5981	472	15.75
5981	562	12.25
5981	638	17.5
5981	687	12.25
5981	836	12.25
5981	858	17.5
5981	895	14.0
5981	4878	15.75
5981	4953	14.0
5981	5154	14.0
5981	5529	17.5
5981	5981	12.25
5981	9150	15.75
5981	9304	14.0
6581	2	10.5
6581	5	12.0
6581	7	12.0
6581	11	15.0
6581	15	7.5
6581	26	15.0
6581	38	12.0
6581	42	10.5
6581	48	12.0
6581	50	10.5
6581	75	12.0
6581	78	12.0
6581	108	15.0
6581	120	10.5
6581	121	13.5
6581	122	12.0
6581	124	12.0
6581	127	13.5
6581	132	9.0
6581	150	12.0
6581	158	13.5
6581	169	9.0
6581	200	12.0
6581	210	10.5
6581	234	9.0
6581	270	13.5
6581	272	7.5
6581	330	10.5
6581	427	10.5
6581	437	10.5
6581	447	12.0
6581	501	10.5
6581	522	7.5
6581	563	12.0
6581	581	13.5
6581	625	9.0
6581	655	10.5
6581	688	7.5
6581	834	12.0
6581	836	10.5
6581	864	10.5
6581	895	15.0
6581	3081	10.5
6581	3415	10.5
6581	3452	9.0
6581	3738	9.0
6581	3940	6.0
6581	4573	10.5
6581	4720	10.5
6581	4781	3.0
6581	4878	10.5
6581	4953	10.5
6581	5154	13.5
6581	5300	10.5
6581	5529	12.0
6581	5582	12.0
6581	5583	10.5
6581	5990	12.0
6581	6004	10.5
6581	6403	9.0
6581	6581	9.0
6581	7152	10.5
6581	7153	9.0
6581	8502	10.5
6581	8551	10.5
6581	8578	12.0
6581	8688	10.5
6581	8696	6.0
6581	8743	9.0
6581	8752	9.0
6581	8814	12.0
6581	8947	10.5
6581	8984	9.0
6581	9043	13.5
6581	9150	12.0
6581	9163	12.0
6581	9169	7.5
6581	9242	13.5
6581	9327	9.0
6581	9351	12.0
6581	9384	15.0
6581	9478	10.5
6581	9551	13.5
6581	9572	10.5
6581	9661	15.0
6581	9786	10.5
6581	9975	10.5
6581	9991	10.5
6581	10398	13.5
6581	10610	15.0
6581	10654	9.0
6581	10692	15.0
6581	11035	13.5
6581	11073	9.0
6581	11136	9.0
6581	11207	10.5
6581	11418	12.0
6581	11521	13.5
6581	11759	12.0
6581	12289	12.0
6581	12290	12.0
6581	12292	13.5
6581	12836	13.5
6581	13413	12.0
6581	14621	9.0
6581	15297	13.5
6581	16008	10.5
6581	16737	10.5
7181	1	1.75
7181	2	0.75
7181	5	1.75
7181	6	1.0
7181	7	1.75
7181	10	1.0
7181	11	1.75
7181	15	1.25
7181	16	1.25
7181	17	1.5
7181	18	1.5
7181	21	1.0
7181	23	1.0
7181	24	0.75
7181	25	0.5
7181	26	2.5
7181	27	0.75
7181	30	1.75
7181	35	1.0
7181	36	1.25
7181	37	1.25
7181	38	1.5
7181	41	1.25
7181	42	1.0
7181	44	1.25
7181	46	1.0
7181	48	2.0
7181	50	1.5
7181	52	1.5
7181	58	1.5
7181	61	1.75
7181	72	2.25
7181	75	2.5
7181	78	1.75
7181	88	1.25
7181	91	1.25
7181	92	1.5
7181	93	2.0
7181	102	1.25
7181	105	2.0
7181	106	1.75
7181	108	2.25
7181	109	1.75
7181	110	1.25
7181	112	1.75
7181	120	2.5
7181	121	2.5
7181	122	1.75
7181	123	2.0
7181	124	1.75
7181	127	1.75
7181	132	1.5
7181	135	1.25
7181	137	1.25
7181	138	1.5
7181	139	0.5
7181	148	1.25
7181	158	1.5
7181	159	1.5
7181	161	1.5
7181	169	1.5
7181	173	1.5
7181	177	1.0
7181	181	1.75
7181	184	1.25
7181	192	1.0
7181	195	1.75
7181	196	1.75
7181	200	1.75
7181	206	1.25
7181	208	1.25
7181	210	1.25
7181	214	1.5
7181	216	1.5
7181	217	0.75
7181	238	0.5
7181	241	1.5
7181	242	2.0
7181	245	1.0
7181	247	1.75
7181	249	1.75
7181	253	1.5
7181	254	1.0
7181	258	1.5
7181	260	1.25
7181	264	2.0
7181	270	2.0
7181	271	1.0
7181	281	1.25
7181	288	1.25
7181	289	1.75
7181	295	1.0
7181	299	1.0
7181	300	1.5
7181	302	1.5
7181	303	2.5
7181	304	1.0
7181	307	1.5
7181	310	1.25
7181	316	2.5
7181	319	1.0
7181	320	2.0
7181	321	1.5
7181	324	1.25
7181	325	1.0
7181	327	1.75
7181	330	1.25
7181	344	1.25
7181	345	1.25
7181	351	1.25
7181	370	1.25
7181	373	1.5
7181	374	2.0
7181	383	1.25
7181	395	1.25
7181	401	1.0
7181	404	0.75
7181	409	1.5
7181	420	1.0
7181	424	1.0
7181	427	0.75
7181	431	1.0
7181	437	1.25
7181	438	1.5
7181	444	1.25
7181	447	1.0
7181	449	1.0
7181	458	0.25
7181	467	1.25
7181	470	1.0
7181	472	1.25
7181	488	1.5
7181	489	1.25
7181	492	1.25
7181	498	1.25
7181	501	1.25
7181	504	1.0
7181	508	1.0
7181	511	1.5
7181	545	1.0
7181	553	1.25
7181	554	1.25
7181	563	1.25
7181	569	1.25
7181	581	1.25
7181	597	1.5
7181	629	1.25
7181	631	1.25
7181	632	1.0
7181	633	1.25
7181	644	2.25
7181	662	1.25
7181	667	1.0
7181	672	1.0
7181	680	1.0
7181	681	1.0
7181	685	1.0
7181	686	1.0
7181	687	1.75
7181	689	1.5
7181	692	1.5
7181	700	1.0
7181	703	1.25
7181	709	1.5
7181	734	1.0
7181	736	1.5
7181	757	1.25
7181	772	0.25
7181	784	1.25
7181	838	1.25
7181	850	1.25
7181	872	1.0
7181	886	1.5
7181	891	1.25
7181	901	1.5
7181	2651	0.75
7181	2659	1.0
7181	2663	1.5
7181	2670	1.0
7181	2687	1.25
7181	2694	1.25
7181	2702	1.75
7181	2742	1.0
7181	2766	1.25
7181	3081	2.0
7181	3166	1.5
7181	3230	1.0
7181	3244	1.0
7181	3309	1.5
7181	3415	1.25
7181	3480	0.75
7181	3685	1.5
7181	3783	1.25
7181	4402	1.25
7181	4484	0.5
7181	4544	1.25
7181	4572	1.25
7181	4588	1.5
7181	4595	1.5
7181	4653	1.5
7181	4697	1.25
7181	4720	1.25
7181	4761	1.25
7181	4878	1.5
7181	4911	1.0
7181	4922	0.75
7181	5108	1.0
7181	5154	1.5
7181	5345	0.75
7181	5529	1.5
7181	5582	1.5
7181	5764	1.75
7181	6004	1.5
7181	6124	1.75
7181	6297	0.75
7181	6403	1.0
7181	6865	1.0
7181	7153	1.25
7181	7155	0.5
7181	7181	0.25
7181	7603	0.25
7181	7780	1.25
7181	8088	1.25
7181	8551	1.0
7181	8619	1.75
7181	8688	1.25
7181	8796	1.5
7181	8814	1.5
7181	8947	1.25
7181	9043	1.5
7181	9163	1.5
7181	9351	1.25
7181	9384	1.75
7181	9551	1.5
7181	9578	2.0
7181	9661	1.75
7181	9723	1.5
7181	9795	1.25
7181	10259	1.5
7181	10398	1.5
7181	10502	0.75
7181	10572	1.5
7181	10692	1.5
7181	10809	1.75
7181	11136	1.5
7181	11418	1.25
7181	11763	0.5
7181	11829	1.0
7181	12226	1.25
7181	12290	1.25
7181	12292	1.25
7181	12331	1.0
7181	12836	1.5
7181	13413	1.75
7181	13913	1.25
7181	16825	1.5
7181	16967	0.75
8881	1	35.5
8881	5	130.5
8881	6	26.0
8881	7	30.25
8881	11	71.0
8881	14	15.75
8881	15	122.0
8881	16	11.25
8881	17	11.25
8881	18	34.0
8881	26	151.25
8881	30	18.0
8881	35	15.75
8881	37	6.75
8881	38	61.75
8881	41	42.25
8881	42	4.5
8881	44	43.5
8881	48	148.75
8881	50	137.25
8881	52	71.75
8881	59	70.25
8881	75	82.25
8881	78	83.0
8881	83	23.5
8881	90	12.0
8881	91	68.75
8881	92	76.25
8881	94	12.0
8881	101	7.5
8881	102	48.5
8881	103	8.0
8881	106	35.75
8881	108	34.0
8881	109	43.25
8881	112	29.75
8881	113	14.0
8881	120	41.25
8881	121	127.0
8881	122	64.25
8881	123	55.25
8881	124	64.0
8881	125	1.25
8881	126	38.0
8881	127	158.5
8881	132	18.0
8881	133	8.0
8881	137	55.25
8881	138	86.25
8881	150	11.25
8881	158	102.0
8881	159	9.0
8881	161	71.0
8881	162	13.5
8881	168	19.75
8881	169	16.25
8881	176	12.0
8881	200	60.25
8881	201	12.0
8881	202	12.0
8881	206	7.5
8881	208	79.75
8881	209	21.0
8881	210	44.5
8881	214	11.25
8881	215	11.25
8881	216	16.0
8881	230	16.0
8881	234	15.75
8881	236	32.0
8881	238	1.25
8881	241	14.0
8881	242	51.25
8881	247	15.75
8881	249	13.5
8881	256	11.25
8881	258	16.0
8881	264	15.75
8881	270	49.0
8881	271	20.75
8881	272	32.25
8881	284	15.75
8881	289	13.5
8881	295	23.75
8881	299	16.0
8881	300	65.75
8881	310	15.75
8881	316	42.5
8881	321	55.0
8881	327	18.0
8881	330	30.25
8881	331	15.75
8881	336	30.0
8881	345	35.5
8881	351	14.75
8881	374	27.25
8881	391	14.0
8881	395	16.0
8881	398	14.0
8881	399	10.0
8881	402	2.5
8881	427	45.5
8881	430	16.0
8881	431	55.25
8881	434	3.75
8881	437	10.0
8881	470	56.5
8881	472	78.5
8881	483	16.0
8881	488	22.5
8881	489	38.75
8881	490	6.25
8881	492	18.0
8881	498	7.5
8881	501	46.0
8881	506	22.0
8881	511	29.25
8881	512	30.0
8881	522	1.25
8881	525	12.0
8881	538	14.0
8881	540	31.75
8881	548	12.0
8881	553	1.25
8881	562	52.0
8881	563	11.25
8881	569	17.5
8881	581	44.25
8881	590	6.25
8881	597	20.25
8881	635	21.5
8881	644	37.25
8881	655	1.25
8881	662	7.5
8881	678	12.0
8881	687	96.0
8881	689	14.0
8881	701	15.75
8881	708	14.0
8881	709	55.0
8881	715	2.5
8881	716	38.25
8881	732	23.5
8881	736	20.25
8881	738	28.0
8881	746	22.75
8881	757	16.0
8881	772	14.0
8881	773	12.0
8881	819	16.0
8881	836	134.5
8881	837	28.0
8881	860	16.0
8881	881	16.25
8881	886	12.0
8881	891	22.5
8881	895	33.0
8881	897	73.0
8881	901	15.75
8881	2575	8.0
8881	2615	15.75
8881	2634	30.0
8881	2766	39.5
8881	3081	40.75
8881	3115	8.0
8881	3141	18.0
8881	3246	17.5
8881	3366	15.75
8881	3415	41.5
8881	3738	1.25
8881	4356	23.5
8881	4393	12.0
8881	4484	6.25
8881	4572	156.25
8881	4588	30.0
8881	4595	56.25
8881	4653	42.5
8881	4697	40.5
8881	4720	21.0
8881	4761	30.75
8881	4764	7.5
8881	4797	20.25
8881	4878	108.25
8881	4953	96.5
8881	5016	10.0
8881	5061	10.0
8881	5074	15.75
8881	5154	69.0
8881	5300	34.25
8881	5346	42.0
8881	5419	28.0
8881	5519	13.5
8881	5525	14.0
8881	5528	1.25
8881	5529	21.5
8881	5562	13.5
8881	5582	72.25
8881	5583	23.0
8881	5606	15.75
8881	5764	25.75
8881	5922	15.75
8881	5944	15.75
8881	5990	24.0
8881	6004	72.0
8881	6095	59.5
8881	6116	6.25
8881	6124	27.25
8881	6125	44.25
8881	6225	5.0
8881	6354	4.0
8881	6403	14.0
8881	6462	14.0
8881	6513	14.0
8881	6523	103.5
8881	6860	5.0
8881	6914	14.0
8881	6964	28.0
8881	7099	11.25
8881	7152	8.5
8881	7153	12.0
8881	7197	16.0
8881	7233	10.5
8881	7272	26.5
8881	7329	5.0
8881	7445	29.0
8881	7453	10.0
8881	7606	6.25
8881	7780	16.0
8881	8086	35.5
8881	8191	34.0
8881	8327	5.0
8881	8502	10.0
8881	8551	16.0
8881	8578	17.5
8881	8619	13.5
8881	8629	16.0
8881	8632	18.75
8881	8688	80.5
8881	8743	43.75
8881	8752	2.5
8881	8766	18.0
8881	8814	99.25
8881	8881	316.25
8881	8903	12.0
8881	8919	1.25
8881	8947	61.75
8881	9060	12.0
8881	9063	14.0
8881	9089	20.0
8881	9150	165.25
8881	9163	37.5
8881	9186	16.0
8881	9242	16.5
8881	9327	3.75
8881	9351	96.75
8881	9374	3.75
8881	9379	14.0
8881	9384	31.25
8881	9407	24.75
8881	9415	16.0
8881	9551	92.0
8881	9572	16.0
8881	9602	30.0
8881	9611	13.5
8881	9615	8.0
8881	9652	5.0
8881	9661	66.0
8881	9747	4.0
8881	9786	18.0
8881	10381	14.0
8881	10398	7.5
8881	10478	17.5
8881	10525	16.0
8881	10610	86.0
8881	10692	69.5
8881	10741	14.0
8881	10778	10.0
8881	10819	46.0
8881	10854	15.75
8881	11073	10.0
8881	11132	6.0
8881	11136	40.25
8881	11229	61.5
8881	11237	6.25
8881	11245	8.0
8881	11418	12.0
8881	11759	32.0
8881	11888	16.0
8881	11890	16.0
8881	12290	45.5
8881	12292	21.5
8881	12609	15.75
8881	12643	17.5
8881	12718	16.0
8881	12836	24.0
8881	12852	14.0
8881	12890	18.0
8881	13049	14.0
8881	13097	17.5
8881	13266	14.0
8881	13378	12.0
8881	13413	81.25
8881	13417	36.0
8881	13602	23.75
8881	14011	69.25
8881	14181	14.0
8881	14182	14.0
8881	14183	15.75
8881	14202	17.5
8881	14508	10.0
8881	14725	17.5
8881	14730	17.5
8881	14733	17.5
8881	14738	14.5
8881	14933	16.0
8881	15227	14.0
8881	15883	10.0
8881	15951	8.0
8881	16098	18.5
8881	16259	2.5
8881	16454	14.0
8881	16825	38.5
9481	1	10.0
9481	5	22.5
9481	11	20.0
9481	15	10.0
9481	16	17.5
9481	17	20.0
9481	18	20.0
9481	26	22.5
9481	37	20.0
9481	38	20.0
9481	41	15.0
9481	42	15.0
9481	48	20.0
9481	50	17.5
9481	52	20.0
9481	78	15.0
9481	88	12.5
9481	91	22.5
9481	92	7.5
9481	108	25.0
9481	120	22.5
9481	121	22.5
9481	122	15.0
9481	123	22.5
9481	124	17.5
9481	127	22.5
9481	132	12.5
9481	137	20.0
9481	138	10.0
9481	158	10.0
9481	169	12.5
9481	192	12.5
9481	200	17.5
9481	210	17.5
9481	215	10.0
9481	234	20.0
9481	242	20.0
9481	247	15.0
9481	249	20.0
9481	264	17.5
9481	270	20.0
9481	281	22.5
9481	300	25.0
9481	316	17.5
9481	331	20.0
9481	351	20.0
9481	374	17.5
9481	437	20.0
9481	472	25.0
9481	550	25.0
9481	557	15.0
9481	569	17.5
9481	581	5.0
9481	635	20.0
9481	687	20.0
9481	709	25.0
9481	836	20.0
9481	897	20.0
9481	2737	22.5
9481	2766	20.0
9481	3415	10.0
9481	3783	10.0
9481	4761	20.0
9481	4878	25.0
9481	5764	22.5
9481	8578	17.5
9481	8814	15.0
9481	9189	15.0
9481	9407	20.0
9481	9478	12.5
9481	9481	25.0
9481	9572	15.0
10081	5	26.0
10081	7	8.0
10081	11	9.0
10081	15	16.0
10081	26	10.0
10081	38	10.0
10081	48	10.0
10081	75	9.0
10081	78	7.0
10081	108	8.0
10081	109	8.0
10081	120	28.0
10081	121	10.0
10081	123	6.0
10081	124	10.0
10081	127	10.0
10081	130	9.0
10081	173	4.0
10081	184	8.0
10081	200	10.0
10081	214	7.0
10081	247	16.0
10081	288	8.0
10081	330	24.0
10081	374	9.0
10081	402	7.0
10081	403	4.0
10081	427	6.0
10081	431	5.0
10081	437	7.0
10081	445	2.0
10081	472	24.0
10081	489	7.0
10081	499	7.0
10081	501	9.0
10081	511	8.0
10081	542	6.0
10081	563	26.0
10081	604	4.0
10081	625	6.0
10081	629	6.0
10081	644	9.0
10081	662	8.0
10081	682	8.0
10081	709	6.0
10081	715	6.0
10081	736	8.0
10081	746	7.0
10081	881	21.0
10081	884	2.0
10081	886	6.0
10081	891	7.0
10081	895	29.0
10081	2651	6.0
10081	2748	9.0
10081	2779	8.0
10081	3081	8.0
10081	3142	6.0
10081	3445	9.0
10081	3685	9.0
10081	3738	4.0
10081	3772	6.0
10081	4521	8.0
10081	4573	6.0
10081	4653	7.0
10081	4697	8.0
10081	4720	6.0
10081	4761	20.0
10081	4815	6.0
10081	4878	28.0
10081	4953	22.0
10081	5108	16.0
10081	5154	10.0
10081	5295	6.0
10081	5300	24.0
10081	5491	8.0
10081	5528	8.0
10081	5529	8.0
10081	5582	10.0
10081	5583	7.0
10081	5662	6.0
10081	5764	8.0
10081	5887	8.0
10081	6003	18.0
10081	6004	7.0
10081	6076	5.0
10081	6124	10.0
10081	6401	7.0
10081	6403	4.0
10081	6631	7.0
10081	7191	5.0
10081	7437	8.0
10081	7475	7.0
10081	7780	9.0
10081	8152	8.0
10081	8502	6.0
10081	8551	6.0
10081	8619	27.0
10081	8632	7.0
10081	8688	6.0
10081	8752	5.0
10081	8947	16.0
10081	9060	7.0
10081	9150	26.0
10081	9163	27.0
10081	9166	6.0
10081	9242	10.0
10081	9384	26.0
10081	9551	7.0
10081	9661	10.0
10081	9903	8.0
10081	10081	20.0
10081	10207	6.0
10081	10276	8.0
10081	10381	6.0
10081	10610	8.0
10081	10692	10.0
10081	11136	6.0
10081	11229	10.0
10081	11378	6.0
10081	11418	7.0
10081	11467	7.0
10081	11521	8.0
10081	11888	6.0
10081	12290	7.0
10081	12292	10.0
10081	12836	9.0
10081	13005	6.0
10081	13084	9.0
10081	13413	7.0
10081	13602	7.0
10081	13821	7.0
10081	13861	3.0
10081	14140	8.0
10081	14242	7.0
10081	16008	6.0
10081	16235	7.0
10081	16825	10.0
10381	1	17.5
10381	5	12.0
10381	7	12.0
10381	11	13.5
10381	17	7.0
10381	18	11.0
10381	26	47.25
10381	30	15.75
10381	37	17.5
10381	38	15.0
10381	41	16.0
10381	48	53.0
10381	50	37.0
10381	59	12.25
10381	75	27.5
10381	78	36.75
10381	91	12.25
10381	102	26.5
10381	106	19.75
10381	108	26.0
10381	109	26.0
10381	112	12.25
10381	120	22.0
10381	121	44.75
10381	122	12.25
10381	123	31.75
10381	124	27.25
10381	126	14.0
10381	127	41.25
10381	130	13.5
10381	137	24.5
10381	138	16.25
10381	158	41.75
10381	161	9.75
10381	173	6.0
10381	184	12.0
10381	200	39.5
10381	214	10.5
10381	236	15.75
10381	258	14.0
10381	270	34.75
10381	288	12.0
10381	299	15.75
10381	300	15.75
10381	321	8.0
10381	330	24.25
10381	374	13.5
10381	395	14.0
10381	398	14.0
10381	402	10.5
10381	403	6.0
10381	404	8.75
10381	427	23.0
10381	430	14.0
10381	431	18.0
10381	434	8.0
10381	437	10.5
10381	445	3.0
10381	470	22.5
10381	472	12.0
10381	489	22.5
10381	490	16.0
10381	499	10.5
10381	501	13.5
10381	511	49.0
10381	512	14.0
10381	542	9.0
10381	562	12.0
10381	563	14.0
10381	581	16.0
10381	604	6.0
10381	625	9.0
10381	629	9.0
10381	644	25.75
10381	662	12.0
10381	682	12.0
10381	687	14.0
10381	709	9.0
10381	715	9.0
10381	716	20.5
10381	736	12.0
10381	746	22.75
10381	757	15.75
10381	819	14.0
10381	836	32.5
10381	881	7.5
10381	884	3.0
10381	886	9.0
10381	891	10.5
10381	895	25.5
10381	2634	24.5
10381	2651	9.0
10381	2748	13.5
10381	2766	12.25
10381	2779	12.0
10381	3081	27.75
10381	3141	15.75
10381	3142	9.0
10381	3415	10.5
10381	3445	13.5
10381	3452	10.0
10381	3453	8.0
10381	3685	13.5
10381	3738	6.0
10381	3772	9.0
10381	4484	10.0
10381	4521	12.0
10381	4572	16.0
10381	4573	9.0
10381	4595	12.25
10381	4653	10.5
10381	4697	32.0
10381	4720	19.5
10381	4761	14.0
10381	4764	18.0
10381	4815	9.0
10381	4852	16.0
10381	4878	28.0
10381	4953	21.25
10381	5154	29.0
10381	5273	1.75
10381	5295	9.0
10381	5300	12.0
10381	5346	28.0
10381	5419	16.0
10381	5491	12.0
10381	5528	12.0
10381	5529	12.0
10381	5582	29.0
10381	5583	10.5
10381	5662	9.0
10381	5764	22.5
10381	5887	12.0
10381	5990	21.0
10381	6004	21.0
10381	6076	7.5
10381	6116	3.5
10381	6124	15.0
10381	6125	14.0
10381	6401	10.5
10381	6403	18.25
10381	6523	10.0
10381	6631	10.5
10381	6964	12.25
10381	7191	7.5
10381	7272	14.0
10381	7437	12.0
10381	7475	10.5
10381	7780	27.5
10381	8152	12.0
10381	8191	14.0
10381	8502	9.0
10381	8551	27.0
10381	8578	16.0
10381	8619	10.5
10381	8629	14.0
10381	8632	10.5
10381	8688	33.25
10381	8752	19.75
10381	8766	15.75
10381	8814	24.5
10381	8881	14.0
10381	8903	10.5
10381	8947	14.0
10381	9060	21.0
10381	9063	12.25
10381	9150	36.5
10381	9163	27.5
10381	9166	9.0
10381	9186	14.0
10381	9242	16.0
10381	9327	7.0
10381	9351	53.5
10381	9384	15.0
10381	9415	14.0
10381	9517	14.0
10381	9551	33.25
10381	9572	34.5
10381	9602	14.0
10381	9611	19.0
10381	9661	27.25
10381	9786	15.75
10381	9903	12.0
10381	10039	18.0
10381	10081	6.0
10381	10207	9.0
10381	10272	14.0
10381	10276	12.0
10381	10381	53.5
10381	10525	14.0
10381	10610	12.0
10381	10654	20.75
10381	10692	34.25
10381	10819	16.25
10381	11013	14.0
10381	11073	8.75
10381	11136	19.5
10381	11229	15.0
10381	11378	9.0
10381	11418	22.75
10381	11467	10.5
10381	11521	20.0
10381	11759	33.25
10381	11888	23.0
10381	11893	18.0
10381	12290	34.75
10381	12292	15.0
10381	12320	18.0
10381	12718	14.0
10381	12739	16.0
10381	12836	24.0
10381	12852	20.0
10381	12890	15.75
10381	13005	9.0
10381	13045	10.5
10381	13052	18.0
10381	13084	13.5
10381	13280	3.0
10381	13413	17.5
10381	13417	10.5
10381	13602	24.5
10381	13821	13.5
10381	13861	4.5
10381	14011	18.0
10381	14140	12.0
10381	14242	10.5
10381	14508	8.75
10381	14938	5.25
10381	15582	7.0
10381	16008	23.0
10381	16158	18.0
10381	16235	10.5
10381	16825	15.0
14181	5	20.0
14181	11	14.0
14181	26	16.0
14181	75	16.0
14181	123	16.0
14181	126	16.0
14181	236	16.0
14181	270	16.0
14181	331	18.0
14181	391	16.0
14181	398	16.0
14181	427	16.0
14181	431	16.0
14181	472	18.0
14181	489	14.0
14181	501	16.0
14181	512	16.0
14181	569	20.0
14181	581	14.0
14181	635	16.0
14181	687	16.0
14181	709	16.0
14181	836	16.0
14181	895	14.0
14181	897	16.0
14181	901	18.0
14181	2615	18.0
14181	2634	16.0
14181	3246	20.0
14181	3366	18.0
14181	3415	12.0
14181	4572	14.0
14181	4761	14.0
14181	4878	20.0
14181	4953	14.0
14181	5154	16.0
14181	5300	16.0
14181	5582	14.0
14181	5606	18.0
14181	6095	16.0
14181	8632	20.0
14181	8881	14.0
14181	9150	16.0
14181	9379	16.0
14181	9602	16.0
14181	9661	16.0
14181	10478	20.0
14181	10610	18.0
14181	10692	20.0
14181	10741	16.0
14181	10854	18.0
14181	11136	14.0
14181	11229	16.0
14181	12609	18.0
14181	12643	20.0
14181	13097	20.0
14181	13417	16.0
14181	14181	16.0
14181	14182	16.0
14181	14183	18.0
14181	14202	20.0
14181	14725	20.0
14181	14730	20.0
14181	14733	20.0
